9.090000 1.000000e-38
9.350000 1.000000e-38
9.610000 1.000000e-38
9.770000 1.000000e-38
9.960000 1.000000e-38
10.200000 1.000000e-38
10.380000 1.000000e-38
10.560000 1.000000e-38
10.770000 1.000000e-38
11.040000 1.000000e-38
11.400000 1.000000e-38
11.780000 1.000000e-38
12.130000 1.000000e-38
12.480000 1.000000e-38
12.710000 1.000000e-38
12.840000 1.000000e-38
13.050000 9.776000e-39
13.240000 8.000000e-39
13.390000 8.000000e-39
13.660000 8.000000e-39
13.980000 8.000000e-39
14.330000 8.000000e-39
14.720000 8.000000e-39
15.100000 8.000000e-39
15.520000 0.000000e+00
15.880000 0.000000e+00
16.200000 0.000000e+00
16.600000 0.000000e+00
17.030000 0.000000e+00
17.340000 0.000000e+00
17.680000 0.000000e+00
18.020000 0.000000e+00
18.170000 0.000000e+00
18.610000 0.000000e+00
19.100000 0.000000e+00
19.390000 0.000000e+00
19.840000 0.000000e+00
20.180000 0.000000e+00
20.500000 0.000000e+00
21.050000 0.000000e+00
21.620000 0.000000e+00
21.980000 0.000000e+00
22.300000 0.000000e+00
22.680000 0.000000e+00
23.000000 0.000000e+00
23.400000 0.000000e+00
24.000000 0.000000e+00
24.650000 0.000000e+00
25.240000 0.000000e+00
25.680000 0.000000e+00
26.000000 0.000000e+00
26.400000 0.000000e+00
26.850000 0.000000e+00
27.350000 0.000000e+00
27.850000 0.000000e+00
28.400000 0.000000e+00
29.000000 0.000000e+00
29.600000 0.000000e+00
30.100000 0.000000e+00
30.800000 0.000000e+00
31.800000 0.000000e+00
32.800000 0.000000e+00
33.800000 0.000000e+00
34.800000 0.000000e+00
35.700000 0.000000e+00
36.600000 0.000000e+00
37.500000 6.277824e-46
38.500000 8.286548e-45
39.500000 8.830938e-44
40.500000 7.804274e-43
41.400000 5.046231e-42
42.200000 2.477493e-41
43.000000 1.145157e-40
44.100000 8.563393e-40
45.100000 4.884467e-39
46.000000 2.190759e-38
47.000000 1.083589e-37
48.000000 5.002497e-37
49.000000 2.167163e-36
50.000000 8.830269e-36
50.600000 2.653892e-35
51.200000 6.598202e-35
52.000000 1.845778e-34
53.000000 6.425246e-34
54.000000 2.100163e-33
55.000000 6.645259e-33
56.000000 2.003447e-32
57.000000 5.802103e-32
58.000000 1.599739e-31
59.000000 4.349185e-31
60.000000 1.129765e-30
61.000000 2.842444e-30
62.000000 6.928632e-30
63.000000 1.640036e-29
64.000000 3.776436e-29
65.000000 8.465727e-29
65.800000 1.585140e-28
66.500000 2.706562e-28
67.500000 5.704585e-28
68.500000 1.175656e-27
69.500000 2.368990e-27
70.500000 4.660494e-27
71.600000 9.647400e-27
72.600000 1.827166e-26
73.500000 3.196115e-26
74.500000 5.849725e-26
75.500000 1.052792e-25
76.500000 1.865878e-25
77.500000 3.251517e-25
78.500000 5.588589e-25
79.500000 9.386134e-25
80.500000 1.574342e-24
81.500000 2.600423e-24
82.500000 4.229923e-24
83.500000 6.796275e-24
84.500000 1.078785e-23
85.500000 1.693142e-23
86.500000 2.626862e-23
87.500000 4.025387e-23
88.500000 6.124967e-23
89.500000 9.213023e-23
90.500000 1.371898e-22
91.500000 1.214038e-19
92.500000 4.436302e-19
93.500000 6.531806e-19
94.500000 9.726524e-19
95.500000 1.496223e-18
96.500000 2.204422e-18
97.500000 3.145150e-18
98.500000 4.505324e-18
99.500000 6.382638e-18
100.500000 9.346215e-18
101.500000 1.307379e-17
102.500000 1.778299e-17
103.500000 2.549299e-17
104.500000 3.527131e-17
105.500000 4.788200e-17
106.500000 6.522373e-17
107.500000 8.883485e-17
108.500000 1.201393e-16
109.500000 1.592356e-16
110.500000 4.163845e-16
111.500000 1.076120e-15
112.500000 1.569145e-15
113.500000 2.328292e-15
114.500000 3.077214e-15
115.500000 3.659388e-15
116.500000 5.005402e-15
117.500000 6.422958e-15
118.500000 7.370694e-15
119.500000 6.408298e-15
120.500000 7.079023e-15
121.500000 3.095868e-15
122.500000 9.735420e-15
123.500000 1.803868e-14
124.500000 2.496765e-14
125.500000 3.100593e-14
126.500000 3.434244e-14
127.500000 4.238473e-14
128.500000 5.078060e-14
129.500000 6.257441e-14
130.500000 6.844487e-14
131.500000 8.540933e-14
132.500000 9.486792e-14
133.500000 1.109860e-13
134.500000 1.300957e-13
135.500000 1.540476e-13
136.500000 1.733362e-13
137.500000 1.985599e-13
138.500000 2.270344e-13
139.500000 2.625987e-13
140.500000 3.177704e-13
141.500000 3.672526e-13
142.500000 4.269024e-13
143.500000 5.031228e-13
144.200000 6.072976e-13
144.700000 5.947142e-13
145.500000 6.914119e-13
146.500000 8.300035e-13
147.500000 8.782598e-13
148.500000 1.041890e-12
149.500000 1.313010e-12
150.500000 1.578997e-12
151.200000 1.457000e-12
151.700000 1.808175e-12
152.500000 2.618583e-12
153.500000 7.654241e-12
154.500000 7.822513e-12
155.500000 1.241165e-11
156.500000 1.212117e-11
157.500000 2.123026e-11
158.500000 2.621801e-11
159.500000 3.092637e-11
160.500000 3.467504e-11
161.500000 3.865990e-11
162.500000 4.493733e-11
163.500000 5.212348e-11
164.500000 7.416872e-11
165.500000 4.932788e-11
166.500000 8.823435e-11
167.200000 6.396579e-11
167.700000 9.583665e-11
168.500000 1.636375e-10
169.500000 2.767173e-10
170.500000 3.581274e-10
171.500000 3.614189e-10
172.500000 4.572742e-10
173.500000 5.642098e-10
174.500000 7.736513e-10
175.500000 1.087870e-09
176.500000 9.398907e-10
177.500000 1.108298e-09
178.500000 1.486965e-09
179.500000 1.844596e-09
180.500000 1.868851e-09
181.500000 1.739465e-09
182.500000 2.130451e-09
183.500000 2.392054e-09
184.500000 1.745236e-09
185.500000 2.646483e-09
186.500000 3.344599e-09
187.500000 3.608748e-09
188.500000 3.959300e-09
189.500000 5.049430e-09
190.500000 4.846901e-09
191.500000 5.487826e-09
192.500000 5.384080e-09
193.500000 3.750639e-09
194.500000 7.269516e-09
195.500000 7.662570e-09
196.700000 1.002288e-08
197.600000 9.626068e-09
198.400000 1.006156e-08
199.500000 1.105999e-08
200.500000 1.120579e-08
201.500000 1.261746e-08
202.500000 1.045028e-08
203.500000 1.471124e-08
204.500000 1.722327e-08
205.500000 1.739299e-08
206.500000 1.759404e-08
207.400000 1.835509e-08
207.800000 2.459098e-08
208.500000 2.517504e-08
209.500000 4.086560e-08
210.500000 8.277245e-08
211.500000 1.130564e-07
212.500000 9.356367e-08
213.500000 9.648044e-08
214.500000 1.423914e-07
215.500000 1.387886e-07
216.500000 1.177694e-07
217.500000 1.194674e-07
218.500000 1.815665e-07
219.500000 1.747757e-07
220.500000 1.667583e-07
221.500000 1.126190e-07
222.500000 1.575515e-07
223.500000 2.368774e-07
224.500000 2.229972e-07
225.500000 1.547002e-07
226.500000 1.296398e-07
227.500000 1.559101e-07
228.500000 2.407340e-07
229.500000 1.724759e-07
230.500000 2.422832e-07
231.500000 1.978816e-07
232.500000 1.839246e-07
233.500000 1.366247e-07
234.500000 8.080690e-08
235.500000 1.961500e-07
236.500000 9.925988e-08
237.500000 1.379789e-07
238.500000 7.406216e-08
239.500000 1.008386e-07
240.500000 1.040427e-07
241.500000 1.266195e-07
242.500000 2.586125e-07
243.500000 2.629086e-07
244.500000 3.408318e-07
245.500000 3.711923e-07
246.500000 2.995645e-07
247.500000 2.590117e-07
248.500000 1.152106e-07
249.500000 1.827677e-07
250.500000 2.918342e-07
251.300000 1.293830e-07
251.800000 9.097183e-08
252.500000 9.260595e-08
253.500000 1.284180e-07
254.500000 1.677381e-07
255.500000 4.067801e-07
256.500000 3.402936e-07
257.500000 5.113460e-07
258.500000 4.523204e-07
259.500000 3.978308e-07
260.500000 3.104125e-07
261.500000 2.831982e-07
262.500000 4.211945e-07
263.500000 9.188657e-07
264.500000 1.277570e-06
265.500000 1.852411e-06
266.500000 1.064632e-06
267.500000 1.267891e-06
268.500000 1.544982e-06
269.500000 1.058896e-06
270.500000 1.386442e-06
271.500000 9.207948e-07
272.500000 6.612726e-07
273.500000 8.902463e-07
274.500000 4.483192e-07
275.500000 6.805328e-07
276.500000 9.670838e-07
277.500000 1.004766e-06
278.500000 5.057247e-07
279.500000 2.040646e-07
280.500000 2.601114e-07
281.500000 8.744817e-07
282.500000 1.462330e-06
283.500000 1.311989e-06
284.500000 7.357311e-07
285.500000 3.449342e-07
286.500000 1.137508e-06
287.500000 1.867418e-06
288.500000 1.666068e-06
289.500000 2.166379e-06
291.000000 2.962750e-06
293.000000 2.645562e-06
295.000000 2.560891e-06
297.000000 2.753888e-06
299.000000 2.769389e-06
301.000000 2.816592e-06
303.000000 3.116823e-06
305.000000 3.285416e-06
307.000000 3.475984e-06
309.000000 3.308996e-06
311.000000 3.794960e-06
313.000000 3.616729e-06
315.000000 3.506898e-06
317.000000 3.879683e-06
319.000000 3.479060e-06
321.000000 3.918147e-06
323.000000 3.254856e-06
325.000000 4.586173e-06
327.000000 5.488027e-06
329.000000 5.355539e-06
331.000000 5.146883e-06
333.000000 5.278614e-06
335.000000 5.174419e-06
337.000000 4.001142e-06
339.000000 4.712013e-06
341.000000 4.874936e-06
343.000000 5.197300e-06
345.000000 5.481445e-06
347.000000 5.738222e-06
349.000000 6.329770e-06
351.000000 6.698888e-06
353.000000 6.230719e-06
355.000000 7.346781e-06
357.000000 5.436387e-06
359.000000 5.553688e-06
361.000000 6.452495e-06
363.000000 6.616657e-06
364.000000 6.734700e-06
365.000000 7.741236e-06
367.000000 8.033336e-06
369.000000 7.748712e-06
371.000000 8.228577e-06
373.000000 6.199422e-06
375.000000 7.048888e-06
377.000000 8.496738e-06
379.000000 8.908085e-06
381.000000 8.817094e-06
383.000000 5.513148e-06
385.000000 7.413743e-06
387.000000 7.324950e-06
389.000000 8.492387e-06
391.000000 1.009352e-05
393.000000 5.376980e-06
395.000000 9.198374e-06
397.000000 6.389831e-06
399.000000 1.263901e-05
401.000000 1.364816e-05
403.000000 1.365437e-05
405.000000 1.328265e-05
407.000000 1.302525e-05
409.000000 1.490279e-05
411.000000 1.445166e-05
413.000000 1.484207e-05
415.000000 1.498665e-05
417.000000 1.524727e-05
419.000000 1.461114e-05
421.000000 1.501509e-05
423.000000 1.449661e-05
425.000000 1.487590e-05
427.000000 1.402425e-05
429.000000 1.288856e-05
431.000000 1.085637e-05
433.000000 1.578055e-05
435.000000 1.513667e-05
437.000000 1.693832e-05
439.000000 1.557925e-05
441.000000 1.693209e-05
443.000000 1.818600e-05
445.000000 1.816803e-05
447.000000 1.928094e-05
449.000000 1.965664e-05
451.000000 2.165427e-05
453.000000 1.983496e-05
455.000000 2.063248e-05
457.000000 2.204216e-05
459.000000 2.103429e-05
461.000000 2.170918e-05
463.000000 2.157865e-05
465.000000 2.195570e-05
467.000000 2.268176e-05
469.000000 2.241494e-05
471.000000 2.177625e-05
473.000000 2.295887e-05
475.000000 2.350351e-05
477.000000 2.371083e-05
479.000000 2.378357e-05
481.000000 2.372271e-05
483.000000 2.422809e-05
485.000000 2.295326e-05
487.000000 2.064477e-05
489.000000 2.362685e-05
491.000000 2.380626e-05
493.000000 2.352355e-05
495.000000 2.462078e-05
497.000000 2.502556e-05
499.000000 2.357423e-05
501.000000 2.279526e-05
503.000000 2.426267e-05
505.000000 2.442429e-05
507.000000 2.553728e-05
509.000000 2.475814e-05
511.000000 2.532221e-05
513.000000 2.491120e-05
515.000000 2.423894e-05
517.000000 2.210484e-05
519.000000 2.256120e-05
521.000000 2.487599e-05
523.000000 2.545699e-05
525.000000 2.639264e-05
527.000000 2.365120e-05
529.000000 2.654335e-05
531.000000 2.755962e-05
533.000000 2.519298e-05
535.000000 2.715070e-05
537.000000 2.728837e-05
539.000000 2.716898e-05
541.000000 2.646202e-05
543.000000 2.733016e-05
545.000000 2.819031e-05
547.000000 2.785986e-05
549.000000 2.786259e-05
551.000000 2.805658e-05
553.000000 2.843493e-05
555.000000 2.896401e-05
557.000000 2.834365e-05
559.000000 2.795506e-05
561.000000 2.894311e-05
563.000000 2.924004e-05
565.000000 2.934235e-05
567.000000 2.887000e-05
569.000000 2.944863e-05
571.000000 2.907645e-05
573.000000 3.087189e-05
575.000000 3.013737e-05
577.000000 3.058435e-05
579.000000 2.997261e-05
581.000000 3.076222e-05
583.000000 3.129453e-05
585.000000 3.081368e-05
587.000000 3.103037e-05
589.000000 2.902212e-05
591.000000 3.109271e-05
593.000000 3.119563e-05
595.000000 3.141834e-05
597.000000 3.164514e-05
599.000000 3.152198e-05
601.000000 3.121834e-05
603.000000 3.145816e-05
605.000000 3.216061e-05
607.000000 3.214756e-05
609.000000 3.165353e-05
611.000000 3.156699e-05
613.000000 3.068183e-05
615.000000 3.124935e-05
617.000000 3.045408e-05
619.000000 3.208290e-05
621.000000 3.231816e-05
623.000000 3.169272e-05
625.000000 3.098757e-05
627.000000 3.237642e-05
629.000000 3.264424e-05
631.000000 3.191280e-05
633.000000 3.219727e-05
635.000000 3.242176e-05
637.000000 3.245733e-05
639.000000 3.281716e-05
641.000000 3.224788e-05
643.000000 3.271951e-05
645.000000 3.248873e-05
647.000000 3.256793e-05
649.000000 3.229911e-05
651.000000 3.312149e-05
653.000000 3.325577e-05
655.000000 3.238811e-05
657.000000 2.929747e-05
659.000000 3.304350e-05
661.000000 3.363190e-05
663.000000 3.356667e-05
665.000000 3.364611e-05
667.000000 3.342562e-05
669.000000 3.400174e-05
671.000000 3.353575e-05
673.000000 3.401186e-05
675.000000 3.380361e-05
677.000000 3.393828e-05
679.000000 3.395590e-05
681.000000 3.389974e-05
683.000000 3.421639e-05
685.000000 3.370439e-05
687.000000 3.412728e-05
689.000000 3.429149e-05
691.000000 3.422032e-05
693.000000 3.425467e-05
695.000000 3.426916e-05
697.000000 3.440209e-05
699.000000 3.442794e-05
701.000000 3.368176e-05
703.000000 3.429172e-05
705.000000 3.453332e-05
707.000000 3.439538e-05
709.000000 3.439494e-05
711.000000 3.455906e-05
713.000000 3.426384e-05
715.000000 3.420135e-05
717.000000 3.428477e-05
719.000000 3.362420e-05
721.000000 3.430825e-05
723.000000 3.445113e-05
725.000000 3.470384e-05
727.000000 3.473460e-05
729.000000 3.403402e-05
731.000000 3.464252e-05
733.000000 3.463190e-05
735.000000 3.486155e-05
737.000000 3.499981e-05
739.000000 3.436125e-05
741.000000 3.407116e-05
743.000000 3.454351e-05
745.000000 3.472514e-05
747.000000 3.505812e-05
749.000000 3.487388e-05
751.000000 3.502022e-05
753.000000 3.514138e-05
755.000000 3.532110e-05
757.000000 3.512351e-05
759.000000 3.518352e-05
761.000000 3.511657e-05
763.000000 3.536995e-05
765.000000 3.535042e-05
767.000000 3.465067e-05
769.000000 3.535200e-05
771.000000 3.510738e-05
773.000000 3.526142e-05
775.000000 3.499154e-05
777.000000 3.548564e-05
779.000000 3.563151e-05
781.000000 3.556063e-05
783.000000 3.533139e-05
785.000000 3.542103e-05
787.000000 3.575684e-05
789.000000 3.568841e-05
791.000000 3.538234e-05
793.000000 3.488797e-05
795.000000 3.505319e-05
797.000000 3.568304e-05
799.000000 3.578065e-05
801.000000 3.547380e-05
803.000000 3.552547e-05
805.000000 3.537201e-05
807.000000 3.570921e-05
809.000000 3.524489e-05
811.000000 3.564010e-05
813.000000 3.586161e-05
815.000000 3.577336e-05
817.000000 3.579176e-05
819.000000 3.492029e-05
821.000000 3.514593e-05
823.000000 3.520156e-05
825.000000 3.554986e-05
827.000000 3.592280e-05
829.000000 3.584288e-05
831.000000 3.533779e-05
833.000000 3.523992e-05
835.000000 3.552936e-05
837.000000 3.577685e-05
839.000000 3.527530e-05
841.000000 3.585364e-05
843.000000 3.533596e-05
845.000000 3.559259e-05
847.000000 3.548210e-05
849.000000 3.520152e-05
851.000000 3.377725e-05
853.000000 3.491880e-05
855.000000 3.028110e-05
857.000000 3.591429e-05
859.000000 3.540338e-05
861.000000 3.542724e-05
863.000000 3.587403e-05
865.000000 3.547475e-05
867.000000 3.094954e-05
869.000000 3.500532e-05
871.000000 3.567300e-05
873.000000 3.564943e-05
875.000000 3.492087e-05
877.000000 3.587022e-05
879.000000 3.578224e-05
881.000000 3.513022e-05
883.000000 3.571397e-05
885.000000 3.566953e-05
887.000000 3.467330e-05
889.000000 3.598471e-05
891.000000 3.616183e-05
893.000000 3.565711e-05
895.000000 3.580710e-05
897.000000 3.592045e-05
899.000000 3.604781e-05
901.000000 3.421327e-05
903.000000 3.556734e-05
905.000000 3.629331e-05
907.000000 3.576952e-05
909.000000 3.499066e-05
911.000000 3.547911e-05
913.000000 3.612914e-05
915.000000 3.591696e-05
917.000000 3.581543e-05
919.000000 3.599343e-05
921.000000 3.517023e-05
923.000000 3.411127e-05
925.000000 3.495771e-05
927.000000 3.558685e-05
929.000000 3.575984e-05
931.000000 3.598842e-05
933.000000 3.589308e-05
935.000000 3.585503e-05
937.000000 3.580760e-05
939.000000 3.584317e-05
941.000000 3.458332e-05
943.000000 3.558790e-05
945.000000 3.529272e-05
947.000000 3.587007e-05
949.000000 3.598469e-05
951.000000 3.584621e-05
953.000000 3.559610e-05
955.000000 3.416705e-05
957.000000 3.553942e-05
959.000000 3.594655e-05
961.000000 3.568754e-05
963.000000 3.550929e-05
965.000000 3.549299e-05
967.000000 3.542182e-05
969.000000 3.579293e-05
971.000000 3.580606e-05
973.000000 3.583348e-05
975.000000 3.555325e-05
977.000000 3.571081e-05
979.000000 3.558566e-05
981.000000 3.588051e-05
983.000000 3.579469e-05
985.000000 3.587925e-05
987.000000 3.569674e-05
989.000000 3.568604e-05
991.000000 3.558145e-05
993.000000 3.594873e-05
995.000000 3.592405e-05
997.000000 3.594069e-05
999.000000 3.588656e-05
1002.500000 3.559616e-05
1007.500000 3.516160e-05
1012.500000 3.575415e-05
1017.500000 3.546837e-05
1022.500000 3.566358e-05
1027.500000 3.582218e-05
1032.500000 3.550505e-05
1037.500000 3.551685e-05
1042.500000 3.568926e-05
1047.500000 3.537000e-05
1052.500000 3.559334e-05
1057.500000 3.542201e-05
1062.500000 3.535067e-05
1067.500000 3.479647e-05
1072.500000 3.515660e-05
1077.500000 3.501460e-05
1082.500000 3.459143e-05
1087.500000 3.471712e-05
1092.500000 3.413263e-05
1097.500000 3.422621e-05
1102.500000 3.469628e-05
1107.500000 3.493595e-05
1112.500000 3.478404e-05
1117.500000 3.475894e-05
1122.500000 3.490391e-05
1127.500000 3.440135e-05
1132.500000 3.463901e-05
1137.500000 3.457990e-05
1142.500000 3.437838e-05
1147.500000 3.488579e-05
1152.500000 3.487200e-05
1157.500000 3.464252e-05
1162.500000 3.432030e-05
1167.500000 3.441435e-05
1172.500000 3.485345e-05
1177.500000 3.427779e-05
1182.500000 3.421796e-05
1187.500000 3.415989e-05
1192.500000 3.480297e-05
1197.500000 3.373930e-05
1202.500000 3.426684e-05
1207.500000 3.408620e-05
1212.500000 3.431083e-05
1217.500000 3.462181e-05
1222.500000 3.457514e-05
1227.500000 3.437873e-05
1232.500000 3.445422e-05
1237.500000 3.441121e-05
1242.500000 3.430991e-05
1247.500000 3.443665e-05
1252.500000 3.429157e-05
1257.500000 3.425811e-05
1262.500000 3.423655e-05
1267.500000 3.410452e-05
1272.500000 3.425099e-05
1277.500000 3.414342e-05
1282.500000 3.218059e-05
1287.500000 3.396061e-05
1292.500000 3.392320e-05
1297.500000 3.412816e-05
1302.500000 3.391419e-05
1307.500000 3.408325e-05
1312.500000 3.369323e-05
1317.500000 3.364244e-05
1322.500000 3.396420e-05
1327.500000 3.361743e-05
1332.500000 3.377843e-05
1337.500000 3.371419e-05
1342.500000 3.387094e-05
1347.500000 3.380214e-05
1352.500000 3.378152e-05
1357.500000 3.344647e-05
1362.500000 3.355369e-05
1367.500000 3.352029e-05
1372.500000 3.348056e-05
1377.500000 3.348572e-05
1382.500000 3.352455e-05
1387.500000 3.353946e-05
1392.500000 3.350065e-05
1397.500000 3.344833e-05
1402.500000 3.323581e-05
1407.500000 3.337211e-05
1412.500000 3.301320e-05
1417.500000 3.330266e-05
1422.500000 3.283074e-05
1427.500000 3.251335e-05
1432.500000 3.306974e-05
1437.500000 3.324550e-05
1442.500000 3.225082e-05
1447.500000 3.308200e-05
1452.500000 3.251932e-05
1457.000000 3.279110e-05
1462.000000 3.277841e-05
1467.500000 3.280512e-05
1472.500000 3.238727e-05
1477.500000 3.244887e-05
1482.500000 3.254624e-05
1487.500000 3.185253e-05
1492.500000 3.283268e-05
1497.500000 3.250873e-05
1502.500000 3.168648e-05
1507.500000 3.186922e-05
1512.500000 3.248229e-05
1517.500000 3.258985e-05
1522.500000 3.218802e-05
1527.500000 3.245496e-05
1532.500000 3.231321e-05
1537.500000 3.230159e-05
1542.500000 3.228338e-05
1547.500000 3.226316e-05
1552.500000 3.200964e-05
1557.500000 3.190421e-05
1562.500000 3.223468e-05
1567.500000 3.164729e-05
1572.500000 3.181194e-05
1577.500000 3.085066e-05
1582.500000 3.147246e-05
1587.500000 3.051069e-05
1592.500000 3.127408e-05
1597.500000 3.143439e-05
1605.000000 3.130186e-05
1615.000000 3.088418e-05
1625.000000 3.125597e-05
1635.000000 3.072687e-05
1645.000000 3.020360e-05
1655.000000 3.069524e-05
1665.000000 3.047114e-05
1675.000000 2.972343e-05
1685.000000 2.902021e-05
1695.000000 2.986184e-05
1705.000000 2.928389e-05
1715.000000 2.907956e-05
1725.000000 2.860056e-05
1735.000000 2.729549e-05
1745.000000 2.801109e-05
1755.000000 2.810929e-05
1765.000000 2.784359e-05
1775.000000 2.759596e-05
1785.000000 2.747699e-05
1795.000000 2.727517e-05
1805.000000 2.688707e-05
1815.000000 2.568922e-05
1825.000000 2.613718e-05
1835.000000 2.618616e-05
1845.000000 2.576961e-05
1855.000000 2.574056e-05
1865.000000 2.528741e-05
1875.000000 2.381423e-05
1885.000000 2.493498e-05
1895.000000 2.432675e-05
1905.000000 2.472280e-05
1915.000000 2.443007e-05
1925.000000 2.425581e-05
1935.000000 2.382473e-05
1945.000000 2.262433e-05
1955.000000 2.357713e-05
1965.000000 2.339830e-05
1975.000000 2.311242e-05
1985.000000 2.306339e-05
1995.000000 2.287173e-05
2005.000000 2.280677e-05
2015.000000 2.271956e-05
2025.000000 2.234471e-05
2035.000000 2.203034e-05
2045.000000 2.215887e-05
2055.000000 2.190980e-05
2065.000000 2.160919e-05
2075.000000 2.153143e-05
2085.000000 2.135709e-05
2095.000000 2.105977e-05
2105.000000 2.107991e-05
2115.000000 2.086288e-05
2125.000000 2.068881e-05
2135.000000 2.057231e-05
2145.000000 2.045244e-05
2155.000000 2.024558e-05
2165.000000 1.917279e-05
2175.000000 1.974221e-05
2185.000000 1.969227e-05
2195.000000 1.969812e-05
2205.000000 1.935063e-05
2215.000000 1.937754e-05
2225.000000 1.920413e-05
2235.000000 1.905922e-05
2245.000000 1.892232e-05
2255.000000 1.871969e-05
2265.000000 1.857788e-05
2275.000000 1.852634e-05
2285.000000 1.826378e-05
2295.000000 1.806701e-05
2305.000000 1.807363e-05
2315.000000 1.790598e-05
2325.000000 1.760973e-05
2335.000000 1.755227e-05
2345.000000 1.755383e-05
2355.000000 1.716821e-05
2365.000000 1.724956e-05
2375.000000 1.702697e-05
2385.000000 1.674265e-05
2395.000000 1.685098e-05
2405.000000 1.673918e-05
2415.000000 1.642067e-05
2425.000000 1.644664e-05
2435.000000 1.632948e-05
2445.000000 1.618872e-05
2455.000000 1.593861e-05
2465.000000 1.604598e-05
2475.000000 1.583114e-05
2485.000000 1.558998e-05
2495.000000 1.566848e-05
2505.000000 1.559414e-05
2515.000000 1.542507e-05
2525.000000 1.540149e-05
2535.000000 1.528506e-05
2545.000000 1.509975e-05
2555.000000 1.501781e-05
2565.000000 1.490203e-05
2575.000000 1.492736e-05
2585.000000 1.462487e-05
2595.000000 1.467953e-05
2605.000000 1.461215e-05
2615.000000 1.443789e-05
2625.000000 1.382860e-05
2635.000000 1.423101e-05
2645.000000 1.414453e-05
2655.000000 1.407597e-05
2665.000000 1.390489e-05
2675.000000 1.390261e-05
2685.000000 1.390655e-05
2695.000000 1.381271e-05
2705.000000 1.373496e-05
2715.000000 1.363436e-05
2725.000000 1.355105e-05
2735.000000 1.346769e-05
2745.000000 1.340769e-05
2755.000000 1.318594e-05
2765.000000 1.315042e-05
2775.000000 1.311980e-05
2785.000000 1.305073e-05
2795.000000 1.299563e-05
2805.000000 1.290714e-05
2815.000000 1.283630e-05
2825.000000 1.275158e-05
2835.000000 1.269328e-05
2845.000000 1.256766e-05
2855.000000 1.251622e-05
2865.000000 1.240054e-05
2875.000000 1.219402e-05
2885.000000 1.227001e-05
2895.000000 1.222054e-05
2905.000000 1.214340e-05
2915.000000 1.207254e-05
2925.000000 1.194793e-05
2935.000000 1.192418e-05
2945.000000 1.183089e-05
2955.000000 1.178270e-05
2965.000000 1.171595e-05
2975.000000 1.164470e-05
2985.000000 1.158040e-05
2995.000000 1.148811e-05
3005.000000 1.142113e-05
3015.000000 1.137465e-05
3025.000000 1.129103e-05
3035.000000 1.106602e-05
3045.000000 1.109175e-05
3055.000000 1.109667e-05
3065.000000 1.101544e-05
3075.000000 1.098537e-05
3085.000000 1.088612e-05
3095.000000 1.083062e-05
3105.000000 1.079344e-05
3115.000000 1.063969e-05
3125.000000 1.065815e-05
3135.000000 1.059930e-05
3145.000000 1.054670e-05
3155.000000 1.044625e-05
3165.000000 1.041438e-05
3175.000000 1.035100e-05
3185.000000 1.029942e-05
3195.000000 1.025656e-05
3210.000000 1.015215e-05
3230.000000 1.004415e-05
3250.000000 9.930726e-06
3270.000000 9.818010e-06
3290.000000 9.594115e-06
3310.000000 9.574756e-06
3330.000000 9.473030e-06
3350.000000 9.398553e-06
3370.000000 9.286253e-06
3390.000000 9.170538e-06
3410.000000 9.065466e-06
3430.000000 9.006650e-06
3450.000000 8.920063e-06
3470.000000 8.822600e-06
3490.000000 8.735608e-06
3510.000000 8.645676e-06
3530.000000 8.541780e-06
3550.000000 8.467935e-06
3570.000000 8.369746e-06
3590.000000 8.282294e-06
3610.000000 8.221016e-06
3630.000000 8.134739e-06
3650.000000 8.020844e-06
3670.000000 7.939312e-06
3690.000000 7.828463e-06
3710.000000 7.751360e-06
3730.000000 7.679081e-06
3750.000000 7.525881e-06
3770.000000 7.556325e-06
3790.000000 7.483123e-06
3810.000000 7.417491e-06
3830.000000 7.362501e-06
3850.000000 7.299548e-06
3870.000000 7.215163e-06
3890.000000 7.140618e-06
3910.000000 7.093617e-06
3930.000000 7.026638e-06
3950.000000 6.938228e-06
3970.000000 6.893576e-06
3990.000000 6.790829e-06
4010.000000 6.742822e-06
4030.000000 6.701768e-06
4050.000000 6.564039e-06
4070.000000 6.569323e-06
4090.000000 6.517239e-06
4110.000000 6.466332e-06
4130.000000 6.416524e-06
4150.000000 6.343428e-06
4170.000000 6.289037e-06
4190.000000 6.236561e-06
4210.000000 6.151940e-06
4230.000000 6.143845e-06
4250.000000 6.075098e-06
4270.000000 6.034152e-06
4290.000000 5.901648e-06
4310.000000 5.802492e-06
4330.000000 5.786996e-06
4350.000000 5.649484e-06
4370.000000 5.579045e-06
4390.000000 5.573075e-06
4410.000000 5.419127e-06
4430.000000 5.422342e-06
4450.000000 5.392824e-06
4470.000000 5.261645e-06
4490.000000 5.280518e-06
4510.000000 5.233689e-06
4530.000000 5.126156e-06
4550.000000 5.128076e-06
4570.000000 5.106742e-06
4590.000000 5.001999e-06
4610.000000 5.006107e-06
4630.000000 4.963189e-06
4650.000000 4.898048e-06
4670.000000 4.887998e-06
4690.000000 4.869499e-06
4710.000000 4.828771e-06
4730.000000 4.821674e-06
4750.000000 4.774156e-06
4770.000000 4.733942e-06
4790.000000 4.706125e-06
4810.000000 4.652723e-06
4830.000000 4.653588e-06
4850.000000 4.607322e-06
4870.000000 4.568772e-06
4890.000000 4.541496e-06
4910.000000 4.509104e-06
4930.000000 4.477553e-06
4950.000000 4.440628e-06
4970.000000 4.411681e-06
4990.000000 4.389147e-06
5010.000000 4.341316e-06
5030.000000 4.330943e-06
5050.000000 4.280963e-06
5070.000000 4.258515e-06
5090.000000 4.238013e-06
5110.000000 4.194822e-06
5130.000000 4.160826e-06
5150.000000 4.142666e-06
5170.000000 4.133165e-06
5190.000000 4.087542e-06
5210.000000 4.055389e-06
5230.000000 4.026845e-06
5250.000000 4.011180e-06
5270.000000 3.992176e-06
5290.000000 3.943790e-06
5310.000000 3.928504e-06
5330.000000 3.899213e-06
5350.000000 3.877372e-06
5370.000000 3.848317e-06
5390.000000 3.828805e-06
5410.000000 3.803567e-06
5430.000000 3.763391e-06
5450.000000 3.754719e-06
5470.000000 3.724468e-06
5490.000000 3.698211e-06
5510.000000 3.681453e-06
5530.000000 3.666704e-06
5550.000000 3.626403e-06
5570.000000 3.620847e-06
5590.000000 3.580091e-06
5610.000000 3.564928e-06
5630.000000 3.538559e-06
5650.000000 3.528232e-06
5670.000000 3.506068e-06
5690.000000 3.471890e-06
5710.000000 3.461359e-06
5730.000000 3.439617e-06
5750.000000 3.416964e-06
5770.000000 3.394519e-06
5790.000000 3.377190e-06
5810.000000 3.352549e-06
5830.000000 3.333926e-06
5850.000000 3.316627e-06
5870.000000 3.290855e-06
5890.000000 3.266555e-06
5910.000000 3.243576e-06
5930.000000 3.233850e-06
5950.000000 3.205389e-06
5970.000000 3.196552e-06
5990.000000 3.177269e-06
6010.000000 3.156316e-06
6030.000000 3.139398e-06
6050.000000 3.119342e-06
6070.000000 3.098993e-06
6090.000000 3.078781e-06
6110.000000 3.055140e-06
6130.000000 3.044786e-06
6150.000000 3.028431e-06
6170.000000 3.010497e-06
6190.000000 2.993579e-06
6210.000000 2.976002e-06
6230.000000 2.949938e-06
6250.000000 2.935513e-06
6270.000000 2.919311e-06
6290.000000 2.903276e-06
6310.000000 2.882276e-06
6330.000000 2.873084e-06
6350.000000 2.854210e-06
6370.000000 2.838323e-06
6390.000000 2.819749e-06
6420.000000 2.797380e-06
6460.000000 2.762365e-06
6500.000000 2.729971e-06
6540.000000 2.701718e-06
6580.000000 2.671818e-06
6620.000000 2.639962e-06
6660.000000 2.611310e-06
6700.000000 2.580941e-06
6740.000000 2.550443e-06
6780.000000 2.522829e-06
6820.000000 2.495711e-06
6860.000000 2.468314e-06
6900.000000 2.440893e-06
6940.000000 2.413325e-06
6980.000000 2.388520e-06
7020.000000 2.359893e-06
7060.000000 2.336699e-06
7100.000000 2.312032e-06
7140.000000 2.287127e-06
7180.000000 2.262786e-06
7220.000000 2.238484e-06
7260.000000 2.214671e-06
7300.000000 2.192628e-06
7340.000000 2.168124e-06
7380.000000 2.147186e-06
7420.000000 2.123834e-06
7460.000000 2.094718e-06
7500.000000 2.076395e-06
7540.000000 2.059754e-06
7580.000000 2.039702e-06
7620.000000 2.019040e-06
7660.000000 1.999101e-06
7700.000000 1.978076e-06
7740.000000 1.959545e-06
7780.000000 1.940390e-06
7820.000000 1.921279e-06
7860.000000 1.902545e-06
7900.000000 1.884008e-06
7940.000000 1.865711e-06
7980.000000 1.847788e-06
8020.000000 1.829521e-06
8060.000000 1.811628e-06
8100.000000 1.795414e-06
8140.000000 1.776875e-06
8180.000000 1.761012e-06
8220.000000 1.745275e-06
8260.000000 1.728826e-06
8300.000000 1.712946e-06
8340.000000 1.696022e-06
8380.000000 1.681025e-06
8420.000000 1.666193e-06
8460.000000 1.651001e-06
8500.000000 1.636086e-06
8540.000000 1.621275e-06
8580.000000 1.606738e-06
8620.000000 1.592098e-06
8660.000000 1.578266e-06
8700.000000 1.564326e-06
8740.000000 1.549941e-06
8780.000000 1.536354e-06
8820.000000 1.522565e-06
8860.000000 1.509395e-06
8900.000000 1.496173e-06
8940.000000 1.483805e-06
8980.000000 1.470135e-06
9020.000000 1.458138e-06
9060.000000 1.446417e-06
9100.000000 1.433068e-06
9140.000000 1.421080e-06
9180.000000 1.409715e-06
9220.000000 1.398104e-06
9260.000000 1.386278e-06
9300.000000 1.375016e-06
9340.000000 1.363247e-06
9380.000000 1.352003e-06
9420.000000 1.341281e-06
9460.000000 1.329897e-06
9500.000000 1.319386e-06
9540.000000 1.308428e-06
9580.000000 1.297800e-06
9620.000000 1.287326e-06
9660.000000 1.276950e-06
9700.000000 1.267163e-06
9740.000000 1.255847e-06
9780.000000 1.246119e-06
9820.000000 1.237123e-06
9860.000000 1.227447e-06
9900.000000 1.217773e-06
9940.000000 1.207830e-06
9980.000000 1.198971e-06
10020.000000 1.189714e-06
20000.000000 3.063718e-07
40000.000000 7.689549e-08
60000.000000 3.401221e-08
80000.000000 1.902273e-08
100000.000000 1.210760e-08
120000.000000 8.365258e-09
140000.000000 6.117274e-09
160000.000000 4.663514e-09
