ID HIP TYC2 WDS RA DEC Umag Bmag Vmag Rmag Imag Jmag Hmag Kmag dist(pc) M_V Type Lstar(Lsun) WDSsep(") WDSdmag(mags) pmRA(mas/yr) pmDEC(mas/yr)
---------------------------------
           0 |            2 |  |  |    0.00426500 |      -19.4988 |           NaN |       10.2690 |       9.27000 |           NaN |       8.23000 |       7.40200 |       6.97500 |       6.80700 |       39.8076 |       6.27017 | K3V |      0.365134 |           NaN |           NaN |       163.520 |      -2.36200
           1 |           18 |  |  |     0.0528290 |      -4.05368 |           NaN |       12.5970 |       11.0300 |       10.6110 |       9.54000 |       8.59900 |       8.00000 |       7.85100 |       43.9688 |       7.81428 | K5 |      0.420381 |           NaN |           NaN |      -119.595 |       24.2910
           2 |           38 |  |  |      0.113126 |      -79.0620 |           NaN |       9.42800 |       8.65000 |           NaN |       7.84000 |       7.30100 |       6.88400 |       6.85800 |       40.1234 |       5.63301 | G6V |      0.540806 |           NaN |           NaN |       162.431 |      -62.0650
           3 |           47 |  |  |      0.134996 |      -56.8356 |           NaN |       11.9300 |       10.7800 |           NaN |       9.53000 |       8.57500 |       7.96800 |       7.86700 |       45.1266 |       7.50784 | K3V |      0.153252 |           NaN |           NaN |      -44.9690 |      -145.359
           4 |           54 |  |  |      0.152594 |       17.9689 |           NaN |       11.6000 |       10.5700 |       10.2080 |       9.49000 |       8.62300 |       8.07700 |       7.94900 |       49.8753 |       7.08057 | M: |      0.179450 |           NaN |           NaN |       366.227 |      -18.6730
           5 |           57 |  |  |      0.167999 |      -69.6760 |           NaN |       9.13300 |       8.27000 |           NaN |       7.39000 |       6.77300 |       6.34100 |       6.22700 |       29.3383 |       5.93282 | K2V |      0.435147 |           NaN |           NaN |      -40.5690 |      -67.5400
           6 |           58 |  |  |      0.173519 |       62.1759 |           NaN |       7.57000 |       7.05000 |           NaN |       6.46000 |       6.07200 |       5.88100 |       5.80800 |       38.3806 |       4.12944 | G0 |       1.88853 |           NaN |           NaN |      -46.8090 |      -43.2830
           7 |           68 |  | J00008+1659AB |      0.200383 |       16.9882 |           NaN |       9.73000 |       8.79000 |       8.90000 |       7.80000 |       6.95400 |       6.43200 |       6.34000 |       30.1559 |       6.39314 | K0 |      0.302105 |      0.700000 |       3.81000 |      -52.6960 |      -307.114
