0.10000 1.0
0.10005 1.0
0.10010 1.0
0.10015 1.0
0.10020 1.0
0.10025 1.0
0.10030 1.0
0.10035 1.0
0.10040 1.0
0.10045 1.0
0.10050 1.0
0.10055 1.0
0.10060 1.0
0.10065 1.0
0.10070 1.0
0.10075 1.0
0.10080 1.0
0.10085 1.0
0.10090 1.0
0.10095 1.0
0.10100 1.0
0.10106 1.0
0.10111 1.0
0.10116 1.0
0.10121 1.0
0.10126 1.0
0.10131 1.0
0.10136 1.0
0.10141 1.0
0.10146 1.0
0.10151 1.0
0.10156 1.0
0.10161 1.0
0.10166 1.0
0.10171 1.0
0.10176 1.0
0.10182 1.0
0.10187 1.0
0.10192 1.0
0.10197 1.0
0.10202 1.0
0.10207 1.0
0.10212 1.0
0.10217 1.0
0.10222 1.0
0.10227 1.0
0.10233 1.0
0.10238 1.0
0.10243 1.0
0.10248 1.0
0.10253 1.0
0.10258 1.0
0.10263 1.0
0.10268 1.0
0.10274 1.0
0.10279 1.0
0.10284 1.0
0.10289 1.0
0.10294 1.0
0.10299 1.0
0.10304 1.0
0.10310 1.0
0.10315 1.0
0.10320 1.0
0.10325 1.0
0.10330 1.0
0.10335 1.0
0.10341 1.0
0.10346 1.0
0.10351 1.0
0.10356 1.0
0.10361 1.0
0.10366 1.0
0.10372 1.0
0.10377 1.0
0.10382 1.0
0.10387 1.0
0.10392 1.0
0.10398 1.0
0.10403 1.0
0.10408 1.0
0.10413 1.0
0.10418 1.0
0.10424 1.0
0.10429 1.0
0.10434 1.0
0.10439 1.0
0.10444 1.0
0.10450 1.0
0.10455 1.0
0.10460 1.0
0.10465 1.0
0.10471 1.0
0.10476 1.0
0.10481 1.0
0.10486 1.0
0.10492 1.0
0.10497 1.0
0.10502 1.0
0.10507 1.0
0.10513 1.0
0.10518 1.0
0.10523 1.0
0.10528 1.0
0.10534 1.0
0.10539 1.0
0.10544 1.0
0.10549 1.0
0.10555 1.0
0.10560 1.0
0.10565 1.0
0.10571 1.0
0.10576 1.0
0.10581 1.0
0.10586 1.0
0.10592 1.0
0.10597 1.0
0.10602 1.0
0.10608 1.0
0.10613 1.0
0.10618 1.0
0.10624 1.0
0.10629 1.0
0.10634 1.0
0.10639 1.0
0.10645 1.0
0.10650 1.0
0.10655 1.0
0.10661 1.0
0.10666 1.0
0.10671 1.0
0.10677 1.0
0.10682 1.0
0.10687 1.0
0.10693 1.0
0.10698 1.0
0.10703 1.0
0.10709 1.0
0.10714 1.0
0.10720 1.0
0.10725 1.0
0.10730 1.0
0.10736 1.0
0.10741 1.0
0.10746 1.0
0.10752 1.0
0.10757 1.0
0.10762 1.0
0.10768 1.0
0.10773 1.0
0.10779 1.0
0.10784 1.0
0.10789 1.0
0.10795 1.0
0.10800 1.0
0.10806 1.0
0.10811 1.0
0.10816 1.0
0.10822 1.0
0.10827 1.0
0.10833 1.0
0.10838 1.0
0.10843 1.0
0.10849 1.0
0.10854 1.0
0.10860 1.0
0.10865 1.0
0.10871 1.0
0.10876 1.0
0.10881 1.0
0.10887 1.0
0.10892 1.0
0.10898 1.0
0.10903 1.0
0.10909 1.0
0.10914 1.0
0.10920 1.0
0.10925 1.0
0.10931 1.0
0.10936 1.0
0.10941 1.0
0.10947 1.0
0.10952 1.0
0.10958 1.0
0.10963 1.0
0.10969 1.0
0.10974 1.0
0.10980 1.0
0.10985 1.0
0.10991 1.0
0.10996 1.0
0.11002 1.0
0.11007 1.0
0.11013 1.0
0.11018 1.0
0.11024 1.0
0.11029 1.0
0.11035 1.0
0.11040 1.0
0.11046 1.0
0.11051 1.0
0.11057 1.0
0.11062 1.0
0.11068 1.0
0.11074 1.0
0.11079 1.0
0.11085 1.0
0.11090 1.0
0.11096 1.0
0.11101 1.0
0.11107 1.0
0.11112 1.0
0.11118 1.0
0.11123 1.0
0.11129 1.0
0.11135 1.0
0.11140 1.0
0.11146 1.0
0.11151 1.0
0.11157 1.0
0.11162 1.0
0.11168 1.0
0.11174 1.0
0.11179 1.0
0.11185 1.0
0.11190 1.0
0.11196 1.0
0.11202 1.0
0.11207 1.0
0.11213 1.0
0.11218 1.0
0.11224 1.0
0.11230 1.0
0.11235 1.0
0.11241 1.0
0.11246 1.0
0.11252 1.0
0.11258 1.0
0.11263 1.0
0.11269 1.0
0.11275 1.0
0.11280 1.0
0.11286 1.0
0.11292 1.0
0.11297 1.0
0.11303 1.0
0.11308 1.0
0.11314 1.0
0.11320 1.0
0.11325 1.0
0.11331 1.0
0.11337 1.0
0.11342 1.0
0.11348 1.0
0.11354 1.0
0.11359 1.0
0.11365 1.0
0.11371 1.0
0.11377 1.0
0.11382 1.0
0.11388 1.0
0.11394 1.0
0.11399 1.0
0.11405 1.0
0.11411 1.0
0.11416 1.0
0.11422 1.0
0.11428 1.0
0.11434 1.0
0.11439 1.0
0.11445 1.0
0.11451 1.0
0.11456 1.0
0.11462 1.0
0.11468 1.0
0.11474 1.0
0.11479 1.0
0.11485 1.0
0.11491 1.0
0.11497 1.0
0.11502 1.0
0.11508 1.0
0.11514 1.0
0.11520 1.0
0.11525 1.0
0.11531 1.0
0.11537 1.0
0.11543 1.0
0.11548 1.0
0.11554 1.0
0.11560 1.0
0.11566 1.0
0.11572 1.0
0.11577 1.0
0.11583 1.0
0.11589 1.0
0.11595 1.0
0.11600 1.0
0.11606 1.0
0.11612 1.0
0.11618 1.0
0.11624 1.0
0.11630 1.0
0.11635 1.0
0.11641 1.0
0.11647 1.0
0.11653 1.0
0.11659 1.0
0.11664 1.0
0.11670 1.0
0.11676 1.0
0.11682 1.0
0.11688 1.0
0.11694 1.0
0.11699 1.0
0.11705 1.0
0.11711 1.0
0.11717 1.0
0.11723 1.0
0.11729 1.0
0.11735 1.0
0.11741 1.0
0.11746 1.0
0.11752 1.0
0.11758 1.0
0.11764 1.0
0.11770 1.0
0.11776 1.0
0.11782 1.0
0.11788 1.0
0.11793 1.0
0.11799 1.0
0.11805 1.0
0.11811 1.0
0.11817 1.0
0.11823 1.0
0.11829 1.0
0.11835 1.0
0.11841 1.0
0.11847 1.0
0.11853 1.0
0.11858 1.0
0.11864 1.0
0.11870 1.0
0.11876 1.0
0.11882 1.0
0.11888 1.0
0.11894 1.0
0.11900 1.0
0.11906 1.0
0.11912 1.0
0.11918 1.0
0.11924 1.0
0.11930 1.0
0.11936 1.0
0.11942 1.0
0.11948 1.0
0.11954 1.0
0.11960 1.0
0.11966 1.0
0.11972 1.0
0.11978 1.0
0.11984 1.0
0.11990 1.0
0.11996 1.0
0.12002 1.0
0.12008 1.0
0.12014 1.0
0.12020 1.0
0.12026 1.0
0.12032 1.0
0.12038 1.0
0.12044 1.0
0.12050 1.0
0.12056 1.0
0.12062 1.0
0.12068 1.0
0.12074 1.0
0.12080 1.0
0.12086 1.0
0.12092 1.0
0.12098 1.0
0.12104 1.0
0.12110 1.0
0.12116 1.0
0.12122 1.0
0.12128 1.0
0.12134 1.0
0.12140 1.0
0.12146 1.0
0.12153 1.0
0.12159 1.0
0.12165 1.0
0.12171 1.0
0.12177 1.0
0.12183 1.0
0.12189 1.0
0.12195 1.0
0.12201 1.0
0.12207 1.0
0.12213 1.0
0.12220 1.0
0.12226 1.0
0.12232 1.0
0.12238 1.0
0.12244 1.0
0.12250 1.0
0.12256 1.0
0.12262 1.0
0.12268 1.0
0.12275 1.0
0.12281 1.0
0.12287 1.0
0.12293 1.0
0.12299 1.0
0.12305 1.0
0.12311 1.0
0.12318 1.0
0.12324 1.0
0.12330 1.0
0.12336 1.0
0.12342 1.0
0.12348 1.0
0.12355 1.0
0.12361 1.0
0.12367 1.0
0.12373 1.0
0.12379 1.0
0.12386 1.0
0.12392 1.0
0.12398 1.0
0.12404 1.0
0.12410 1.0
0.12417 1.0
0.12423 1.0
0.12429 1.0
0.12435 1.0
0.12441 1.0
0.12448 1.0
0.12454 1.0
0.12460 1.0
0.12466 1.0
0.12473 1.0
0.12479 1.0
0.12485 1.0
0.12491 1.0
0.12498 1.0
0.12504 1.0
0.12510 1.0
0.12516 1.0
0.12523 1.0
0.12529 1.0
0.12535 1.0
0.12541 1.0
0.12548 1.0
0.12554 1.0
0.12560 1.0
0.12566 1.0
0.12573 1.0
0.12579 1.0
0.12585 1.0
0.12592 1.0
0.12598 1.0
0.12604 1.0
0.12610 1.0
0.12617 1.0
0.12623 1.0
0.12629 1.0
0.12636 1.0
0.12642 1.0
0.12648 1.0
0.12655 1.0
0.12661 1.0
0.12667 1.0
0.12674 1.0
0.12680 1.0
0.12686 1.0
0.12693 1.0
0.12699 1.0
0.12705 1.0
0.12712 1.0
0.12718 1.0
0.12724 1.0
0.12731 1.0
0.12737 1.0
0.12744 1.0
0.12750 1.0
0.12756 1.0
0.12763 1.0
0.12769 1.0
0.12775 1.0
0.12782 1.0
0.12788 1.0
0.12795 1.0
0.12801 1.0
0.12807 1.0
0.12814 1.0
0.12820 1.0
0.12827 1.0
0.12833 1.0
0.12839 1.0
0.12846 1.0
0.12852 1.0
0.12859 1.0
0.12865 1.0
0.12872 1.0
0.12878 1.0
0.12884 1.0
0.12891 1.0
0.12897 1.0
0.12904 1.0
0.12910 1.0
0.12917 1.0
0.12923 1.0
0.12930 1.0
0.12936 1.0
0.12943 1.0
0.12949 1.0
0.12955 1.0
0.12962 1.0
0.12968 1.0
0.12975 1.0
0.12981 1.0
0.12988 1.0
0.12994 1.0
0.13001 1.0
0.13007 1.0
0.13014 1.0
0.13020 1.0
0.13027 1.0
0.13033 1.0
0.13040 1.0
0.13046 1.0
0.13053 1.0
0.13060 1.0
0.13066 1.0
0.13073 1.0
0.13079 1.0
0.13086 1.0
0.13092 1.0
0.13099 1.0
0.13105 1.0
0.13112 1.0
0.13118 1.0
0.13125 1.0
0.13132 1.0
0.13138 1.0
0.13145 1.0
0.13151 1.0
0.13158 1.0
0.13164 1.0
0.13171 1.0
0.13178 1.0
0.13184 1.0
0.13191 1.0
0.13197 1.0
0.13204 1.0
0.13211 1.0
0.13217 1.0
0.13224 1.0
0.13230 1.0
0.13237 1.0
0.13244 1.0
0.13250 1.0
0.13257 1.0
0.13263 1.0
0.13270 1.0
0.13277 1.0
0.13283 1.0
0.13290 1.0
0.13297 1.0
0.13303 1.0
0.13310 1.0
0.13317 1.0
0.13323 1.0
0.13330 1.0
0.13337 1.0
0.13343 1.0
0.13350 1.0
0.13357 1.0
0.13363 1.0
0.13370 1.0
0.13377 1.0
0.13383 1.0
0.13390 1.0
0.13397 1.0
0.13403 1.0
0.13410 1.0
0.13417 1.0
0.13424 1.0
0.13430 1.0
0.13437 1.0
0.13444 1.0
0.13450 1.0
0.13457 1.0
0.13464 1.0
0.13471 1.0
0.13477 1.0
0.13484 1.0
0.13491 1.0
0.13498 1.0
0.13504 1.0
0.13511 1.0
0.13518 1.0
0.13525 1.0
0.13531 1.0
0.13538 1.0
0.13545 1.0
0.13552 1.0
0.13558 1.0
0.13565 1.0
0.13572 1.0
0.13579 1.0
0.13586 1.0
0.13592 1.0
0.13599 1.0
0.13606 1.0
0.13613 1.0
0.13620 1.0
0.13626 1.0
0.13633 1.0
0.13640 1.0
0.13647 1.0
0.13654 1.0
0.13660 1.0
0.13667 1.0
0.13674 1.0
0.13681 1.0
0.13688 1.0
0.13695 1.0
0.13702 1.0
0.13708 1.0
0.13715 1.0
0.13722 1.0
0.13729 1.0
0.13736 1.0
0.13743 1.0
0.13750 1.0
0.13756 1.0
0.13763 1.0
0.13770 1.0
0.13777 1.0
0.13784 1.0
0.13791 1.0
0.13798 1.0
0.13805 1.0
0.13812 1.0
0.13818 1.0
0.13825 1.0
0.13832 1.0
0.13839 1.0
0.13846 1.0
0.13853 1.0
0.13860 1.0
0.13867 1.0
0.13874 1.0
0.13881 1.0
0.13888 1.0
0.13895 1.0
0.13902 1.0
0.13909 1.0
0.13915 1.0
0.13922 1.0
0.13929 1.0
0.13936 1.0
0.13943 1.0
0.13950 1.0
0.13957 1.0
0.13964 1.0
0.13971 1.0
0.13978 1.0
0.13985 1.0
0.13992 1.0
0.13999 1.0
0.14006 1.0
0.14013 1.0
0.14020 1.0
0.14027 1.0
0.14034 1.0
0.14041 1.0
0.14048 1.0
0.14055 1.0
0.14062 1.0
0.14069 1.0
0.14076 1.0
0.14083 1.0
0.14090 1.0
0.14098 1.0
0.14105 1.0
0.14112 1.0
0.14119 1.0
0.14126 1.0
0.14133 1.0
0.14140 1.0
0.14147 1.0
0.14154 1.0
0.14161 1.0
0.14168 1.0
0.14175 1.0
0.14182 1.0
0.14189 1.0
0.14197 1.0
0.14204 1.0
0.14211 1.0
0.14218 1.0
0.14225 1.0
0.14232 1.0
0.14239 1.0
0.14246 1.0
0.14253 1.0
0.14261 1.0
0.14268 1.0
0.14275 1.0
0.14282 1.0
0.14289 1.0
0.14296 1.0
0.14303 1.0
0.14311 1.0
0.14318 1.0
0.14325 1.0
0.14332 1.0
0.14339 1.0
0.14346 1.0
0.14354 1.0
0.14361 1.0
0.14368 1.0
0.14375 1.0
0.14382 1.0
0.14389 1.0
0.14397 1.0
0.14404 1.0
0.14411 1.0
0.14418 1.0
0.14425 1.0
0.14433 1.0
0.14440 1.0
0.14447 1.0
0.14454 1.0
0.14462 1.0
0.14469 1.0
0.14476 1.0
0.14483 1.0
0.14490 1.0
0.14498 1.0
0.14505 1.0
0.14512 1.0
0.14519 1.0
0.14527 1.0
0.14534 1.0
0.14541 1.0
0.14549 1.0
0.14556 1.0
0.14563 1.0
0.14570 1.0
0.14578 1.0
0.14585 1.0
0.14592 1.0
0.14600 1.0
0.14607 1.0
0.14614 1.0
0.14621 1.0
0.14629 1.0
0.14636 1.0
0.14643 1.0
0.14651 1.0
0.14658 1.0
0.14665 1.0
0.14673 1.0
0.14680 1.0
0.14687 1.0
0.14695 1.0
0.14702 1.0
0.14709 1.0
0.14717 1.0
0.14724 1.0
0.14732 1.0
0.14739 1.0
0.14746 1.0
0.14754 1.0
0.14761 1.0
0.14768 1.0
0.14776 1.0
0.14783 1.0
0.14791 1.0
0.14798 1.0
0.14805 1.0
0.14813 1.0
0.14820 1.0
0.14828 1.0
0.14835 1.0
0.14842 1.0
0.14850 1.0
0.14857 1.0
0.14865 1.0
0.14872 1.0
0.14880 1.0
0.14887 1.0
0.14894 1.0
0.14902 1.0
0.14909 1.0
0.14917 1.0
0.14924 1.0
0.14932 1.0
0.14939 1.0
0.14947 1.0
0.14954 1.0
0.14962 1.0
0.14969 1.0
0.14977 1.0
0.14984 1.0
0.14992 1.0
0.14999 1.0
0.15007 1.0
0.15014 1.0
0.15022 1.0
0.15029 1.0
0.15037 1.0
0.15044 1.0
0.15052 1.0
0.15059 1.0
0.15067 1.0
0.15074 1.0
0.15082 1.0
0.15089 1.0
0.15097 1.0
0.15104 1.0
0.15112 1.0
0.15119 1.0
0.15127 1.0
0.15135 1.0
0.15142 1.0
0.15150 1.0
0.15157 1.0
0.15165 1.0
0.15172 1.0
0.15180 1.0
0.15188 1.0
0.15195 1.0
0.15203 1.0
0.15210 1.0
0.15218 1.0
0.15226 1.0
0.15233 1.0
0.15241 1.0
0.15248 1.0
0.15256 1.0
0.15264 1.0
0.15271 1.0
0.15279 1.0
0.15287 1.0
0.15294 1.0
0.15302 1.0
0.15310 1.0
0.15317 1.0
0.15325 1.0
0.15333 1.0
0.15340 1.0
0.15348 1.0
0.15356 1.0
0.15363 1.0
0.15371 1.0
0.15379 1.0
0.15386 1.0
0.15394 1.0
0.15402 1.0
0.15409 1.0
0.15417 1.0
0.15425 1.0
0.15433 1.0
0.15440 1.0
0.15448 1.0
0.15456 1.0
0.15463 1.0
0.15471 1.0
0.15479 1.0
0.15487 1.0
0.15494 1.0
0.15502 1.0
0.15510 1.0
0.15518 1.0
0.15525 1.0
0.15533 1.0
0.15541 1.0
0.15549 1.0
0.15556 1.0
0.15564 1.0
0.15572 1.0
0.15580 1.0
0.15588 1.0
0.15595 1.0
0.15603 1.0
0.15611 1.0
0.15619 1.0
0.15627 1.0
0.15634 1.0
0.15642 1.0
0.15650 1.0
0.15658 1.0
0.15666 1.0
0.15674 1.0
0.15681 1.0
0.15689 1.0
0.15697 1.0
0.15705 1.0
0.15713 1.0
0.15721 1.0
0.15728 1.0
0.15736 1.0
0.15744 1.0
0.15752 1.0
0.15760 1.0
0.15768 1.0
0.15776 1.0
0.15784 1.0
0.15791 1.0
0.15799 1.0
0.15807 1.0
0.15815 1.0
0.15823 1.0
0.15831 1.0
0.15839 1.0
0.15847 1.0
0.15855 1.0
0.15863 1.0
0.15871 1.0
0.15879 1.0
0.15886 1.0
0.15894 1.0
0.15902 1.0
0.15910 1.0
0.15918 1.0
0.15926 1.0
0.15934 1.0
0.15942 1.0
0.15950 1.0
0.15958 1.0
0.15966 1.0
0.15974 1.0
0.15982 1.0
0.15990 1.0
0.15998 1.0
0.16006 1.0
0.16014 1.0
0.16022 1.0
0.16030 1.0
0.16038 1.0
0.16046 1.0
0.16054 1.0
0.16062 1.0
0.16070 1.0
0.16078 1.0
0.16086 1.0
0.16094 1.0
0.16102 1.0
0.16110 1.0
0.16118 1.0
0.16127 1.0
0.16135 1.0
0.16143 1.0
0.16151 1.0
0.16159 1.0
0.16167 1.0
0.16175 1.0
0.16183 1.0
0.16191 1.0
0.16199 1.0
0.16207 1.0
0.16215 1.0
0.16224 1.0
0.16232 1.0
0.16240 1.0
0.16248 1.0
0.16256 1.0
0.16264 1.0
0.16272 1.0
0.16280 1.0
0.16289 1.0
0.16297 1.0
0.16305 1.0
0.16313 1.0
0.16321 1.0
0.16329 1.0
0.16337 1.0
0.16346 1.0
0.16354 1.0
0.16362 1.0
0.16370 1.0
0.16378 1.0
0.16387 1.0
0.16395 1.0
0.16403 1.0
0.16411 1.0
0.16419 1.0
0.16428 1.0
0.16436 1.0
0.16444 1.0
0.16452 1.0
0.16460 1.0
0.16469 1.0
0.16477 1.0
0.16485 1.0
0.16493 1.0
0.16502 1.0
0.16510 1.0
0.16518 1.0
0.16526 1.0
0.16535 1.0
0.16543 1.0
0.16551 1.0
0.16559 1.0
0.16568 1.0
0.16576 1.0
0.16584 1.0
0.16593 1.0
0.16601 1.0
0.16609 1.0
0.16618 1.0
0.16626 1.0
0.16634 1.0
0.16642 1.0
0.16651 1.0
0.16659 1.0
0.16667 1.0
0.16676 1.0
0.16684 1.0
0.16692 1.0
0.16701 1.0
0.16709 1.0
0.16718 1.0
0.16726 1.0
0.16734 1.0
0.16743 1.0
0.16751 1.0
0.16759 1.0
0.16768 1.0
0.16776 1.0
0.16784 1.0
0.16793 1.0
0.16801 1.0
0.16810 1.0
0.16818 1.0
0.16826 1.0
0.16835 1.0
0.16843 1.0
0.16852 1.0
0.16860 1.0
0.16869 1.0
0.16877 1.0
0.16885 1.0
0.16894 1.0
0.16902 1.0
0.16911 1.0
0.16919 1.0
0.16928 1.0
0.16936 1.0
0.16945 1.0
0.16953 1.0
0.16962 1.0
0.16970 1.0
0.16979 1.0
0.16987 1.0
0.16996 1.0
0.17004 1.0
0.17013 1.0
0.17021 1.0
0.17030 1.0
0.17038 1.0
0.17047 1.0
0.17055 1.0
0.17064 1.0
0.17072 1.0
0.17081 1.0
0.17089 1.0
0.17098 1.0
0.17106 1.0
0.17115 1.0
0.17123 1.0
0.17132 1.0
0.17141 1.0
0.17149 1.0
0.17158 1.0
0.17166 1.0
0.17175 1.0
0.17184 1.0
0.17192 1.0
0.17201 1.0
0.17209 1.0
0.17218 1.0
0.17227 1.0
0.17235 1.0
0.17244 1.0
0.17252 1.0
0.17261 1.0
0.17270 1.0
0.17278 1.0
0.17287 1.0
0.17296 1.0
0.17304 1.0
0.17313 1.0
0.17321 1.0
0.17330 1.0
0.17339 1.0
0.17347 1.0
0.17356 1.0
0.17365 1.0
0.17374 1.0
0.17382 1.0
0.17391 1.0
0.17400 1.0
0.17408 1.0
0.17417 1.0
0.17426 1.0
0.17434 1.0
0.17443 1.0
0.17452 1.0
0.17461 1.0
0.17469 1.0
0.17478 1.0
0.17487 1.0
0.17496 1.0
0.17504 1.0
0.17513 1.0
0.17522 1.0
0.17531 1.0
0.17539 1.0
0.17548 1.0
0.17557 1.0
0.17566 1.0
0.17574 1.0
0.17583 1.0
0.17592 1.0
0.17601 1.0
0.17610 1.0
0.17618 1.0
0.17627 1.0
0.17636 1.0
0.17645 1.0
0.17654 1.0
0.17662 1.0
0.17671 1.0
0.17680 1.0
0.17689 1.0
0.17698 1.0
0.17707 1.0
0.17716 1.0
0.17724 1.0
0.17733 1.0
0.17742 1.0
0.17751 1.0
0.17760 1.0
0.17769 1.0
0.17778 1.0
0.17787 1.0
0.17795 1.0
0.17804 1.0
0.17813 1.0
0.17822 1.0
0.17831 1.0
0.17840 1.0
0.17849 1.0
0.17858 1.0
0.17867 1.0
0.17876 1.0
0.17885 1.0
0.17894 1.0
0.17902 1.0
0.17911 1.0
0.17920 1.0
0.17929 1.0
0.17938 1.0
0.17947 1.0
0.17956 1.0
0.17965 1.0
0.17974 1.0
0.17983 1.0
0.17992 1.0
0.18001 1.0
0.18010 1.0
0.18019 1.0
0.18028 1.0
0.18037 1.0
0.18046 1.0
0.18055 1.0
0.18064 1.0
0.18073 1.0
0.18082 1.0
0.18091 1.0
0.18100 1.0
0.18109 1.0
0.18119 1.0
0.18128 1.0
0.18137 1.0
0.18146 1.0
0.18155 1.0
0.18164 1.0
0.18173 1.0
0.18182 1.0
0.18191 1.0
0.18200 1.0
0.18209 1.0
0.18218 1.0
0.18228 1.0
0.18237 1.0
0.18246 1.0
0.18255 1.0
0.18264 1.0
0.18273 1.0
0.18282 1.0
0.18291 1.0
0.18301 1.0
0.18310 1.0
0.18319 1.0
0.18328 1.0
0.18337 1.0
0.18346 1.0
0.18356 1.0
0.18365 1.0
0.18374 1.0
0.18383 1.0
0.18392 1.0
0.18402 1.0
0.18411 1.0
0.18420 1.0
0.18429 1.0
0.18438 1.0
0.18448 1.0
0.18457 1.0
0.18466 1.0
0.18475 1.0
0.18484 1.0
0.18494 1.0
0.18503 1.0
0.18512 1.0
0.18521 1.0
0.18531 1.0
0.18540 1.0
0.18549 1.0
0.18559 1.0
0.18568 1.0
0.18577 1.0
0.18586 1.0
0.18596 1.0
0.18605 1.0
0.18614 1.0
0.18624 1.0
0.18633 1.0
0.18642 1.0
0.18652 1.0
0.18661 1.0
0.18670 1.0
0.18680 1.0
0.18689 1.0
0.18698 1.0
0.18708 1.0
0.18717 1.0
0.18726 1.0
0.18736 1.0
0.18745 1.0
0.18754 1.0
0.18764 1.0
0.18773 1.0
0.18783 1.0
0.18792 1.0
0.18801 1.0
0.18811 1.0
0.18820 1.0
0.18830 1.0
0.18839 1.0
0.18848 1.0
0.18858 1.0
0.18867 1.0
0.18877 1.0
0.18886 1.0
0.18896 1.0
0.18905 1.0
0.18914 1.0
0.18924 1.0
0.18933 1.0
0.18943 1.0
0.18952 1.0
0.18962 1.0
0.18971 1.0
0.18981 1.0
0.18990 1.0
0.19000 1.0
0.19009 1.0
0.19019 1.0
0.19028 1.0
0.19038 1.0
0.19047 1.0
0.19057 1.0
0.19066 1.0
0.19076 1.0
0.19085 1.0
0.19095 1.0
0.19104 1.0
0.19114 1.0
0.19124 1.0
0.19133 1.0
0.19143 1.0
0.19152 1.0
0.19162 1.0
0.19171 1.0
0.19181 1.0
0.19191 1.0
0.19200 1.0
0.19210 1.0
0.19219 1.0
0.19229 1.0
0.19239 1.0
0.19248 1.0
0.19258 1.0
0.19268 1.0
0.19277 1.0
0.19287 1.0
0.19296 1.0
0.19306 1.0
0.19316 1.0
0.19325 1.0
0.19335 1.0
0.19345 1.0
0.19354 1.0
0.19364 1.0
0.19374 1.0
0.19383 1.0
0.19393 1.0
0.19403 1.0
0.19413 1.0
0.19422 1.0
0.19432 1.0
0.19442 1.0
0.19451 1.0
0.19461 1.0
0.19471 1.0
0.19481 1.0
0.19490 1.0
0.19500 1.0
0.19510 1.0
0.19520 1.0
0.19529 1.0
0.19539 1.0
0.19549 1.0
0.19559 1.0
0.19568 1.0
0.19578 1.0
0.19588 1.0
0.19598 1.0
0.19608 1.0
0.19617 1.0
0.19627 1.0
0.19637 1.0
0.19647 1.0
0.19657 1.0
0.19666 1.0
0.19676 1.0
0.19686 1.0
0.19696 1.0
0.19706 1.0
0.19716 1.0
0.19726 1.0
0.19735 1.0
0.19745 1.0
0.19755 1.0
0.19765 1.0
0.19775 1.0
0.19785 1.0
0.19795 1.0
0.19805 1.0
0.19815 1.0
0.19824 1.0
0.19834 1.0
0.19844 1.0
0.19854 1.0
0.19864 1.0
0.19874 1.0
0.19884 1.0
0.19894 1.0
0.19904 1.0
0.19914 1.0
0.19924 1.0
0.19934 1.0
0.19944 1.0
0.19954 1.0
0.19964 1.0
0.19974 1.0
0.19984 1.0
0.19994 1.0
0.20004 1.0
0.20014 1.0
0.20024 1.0
0.20034 1.0
0.20044 1.0
0.20054 1.0
0.20064 1.0
0.20074 1.0
0.20084 1.0
0.20094 1.0
0.20104 1.0
0.20114 1.0
0.20124 1.0
0.20134 1.0
0.20144 1.0
0.20154 1.0
0.20164 1.0
0.20174 1.0
0.20184 1.0
0.20194 1.0
0.20205 1.0
0.20215 1.0
0.20225 1.0
0.20235 1.0
0.20245 1.0
0.20255 1.0
0.20265 1.0
0.20275 1.0
0.20286 1.0
0.20296 1.0
0.20306 1.0
0.20316 1.0
0.20326 1.0
0.20336 1.0
0.20346 1.0
0.20357 1.0
0.20367 1.0
0.20377 1.0
0.20387 1.0
0.20397 1.0
0.20408 1.0
0.20418 1.0
0.20428 1.0
0.20438 1.0
0.20448 1.0
0.20459 1.0
0.20469 1.0
0.20479 1.0
0.20489 1.0
0.20500 1.0
0.20510 1.0
0.20520 1.0
0.20530 1.0
0.20541 1.0
0.20551 1.0
0.20561 1.0
0.20571 1.0
0.20582 1.0
0.20592 1.0
0.20602 1.0
0.20613 1.0
0.20623 1.0
0.20633 1.0
0.20644 1.0
0.20654 1.0
0.20664 1.0
0.20675 1.0
0.20685 1.0
0.20695 1.0
0.20706 1.0
0.20716 1.0
0.20726 1.0
0.20737 1.0
0.20747 1.0
0.20757 1.0
0.20768 1.0
0.20778 1.0
0.20789 1.0
0.20799 1.0
0.20809 1.0
0.20820 1.0
0.20830 1.0
0.20841 1.0
0.20851 1.0
0.20861 1.0
0.20872 1.0
0.20882 1.0
0.20893 1.0
0.20903 1.0
0.20914 1.0
0.20924 1.0
0.20935 1.0
0.20945 1.0
0.20955 1.0
0.20966 1.0
0.20976 1.0
0.20987 1.0
0.20997 1.0
0.21008 1.0
0.21018 1.0
0.21029 1.0
0.21039 1.0
0.21050 1.0
0.21060 1.0
0.21071 1.0
0.21082 1.0
0.21092 1.0
0.21103 1.0
0.21113 1.0
0.21124 1.0
0.21134 1.0
0.21145 1.0
0.21155 1.0
0.21166 1.0
0.21177 1.0
0.21187 1.0
0.21198 1.0
0.21208 1.0
0.21219 1.0
0.21230 1.0
0.21240 1.0
0.21251 1.0
0.21261 1.0
0.21272 1.0
0.21283 1.0
0.21293 1.0
0.21304 1.0
0.21315 1.0
0.21325 1.0
0.21336 1.0
0.21347 1.0
0.21357 1.0
0.21368 1.0
0.21379 1.0
0.21389 1.0
0.21400 1.0
0.21411 1.0
0.21421 1.0
0.21432 1.0
0.21443 1.0
0.21454 1.0
0.21464 1.0
0.21475 1.0
0.21486 1.0
0.21497 1.0
0.21507 1.0
0.21518 1.0
0.21529 1.0
0.21540 1.0
0.21550 1.0
0.21561 1.0
0.21572 1.0
0.21583 1.0
0.21594 1.0
0.21604 1.0
0.21615 1.0
0.21626 1.0
0.21637 1.0
0.21648 1.0
0.21658 1.0
0.21669 1.0
0.21680 1.0
0.21691 1.0
0.21702 1.0
0.21713 1.0
0.21723 1.0
0.21734 1.0
0.21745 1.0
0.21756 1.0
0.21767 1.0
0.21778 1.0
0.21789 1.0
0.21800 1.0
0.21810 1.0
0.21821 1.0
0.21832 1.0
0.21843 1.0
0.21854 1.0
0.21865 1.0
0.21876 1.0
0.21887 1.0
0.21898 1.0
0.21909 1.0
0.21920 1.0
0.21931 1.0
0.21942 1.0
0.21953 1.0
0.21964 1.0
0.21975 1.0
0.21986 1.0
0.21997 1.0
0.22008 1.0
0.22019 1.0
0.22030 1.0
0.22041 1.0
0.22052 1.0
0.22063 1.0
0.22074 1.0
0.22085 1.0
0.22096 1.0
0.22107 1.0
0.22118 1.0
0.22129 1.0
0.22140 1.0
0.22151 1.0
0.22162 1.0
0.22173 1.0
0.22184 1.0
0.22195 1.0
0.22207 1.0
0.22218 1.0
0.22229 1.0
0.22240 1.0
0.22251 1.0
0.22262 1.0
0.22273 1.0
0.22284 1.0
0.22295 1.0
0.22307 1.0
0.22318 1.0
0.22329 1.0
0.22340 1.0
0.22351 1.0
0.22362 1.0
0.22374 1.0
0.22385 1.0
0.22396 1.0
0.22407 1.0
0.22418 1.0
0.22430 1.0
0.22441 1.0
0.22452 1.0
0.22463 1.0
0.22475 1.0
0.22486 1.0
0.22497 1.0
0.22508 1.0
0.22520 1.0
0.22531 1.0
0.22542 1.0
0.22553 1.0
0.22565 1.0
0.22576 1.0
0.22587 1.0
0.22598 1.0
0.22610 1.0
0.22621 1.0
0.22632 1.0
0.22644 1.0
0.22655 1.0
0.22666 1.0
0.22678 1.0
0.22689 1.0
0.22700 1.0
0.22712 1.0
0.22723 1.0
0.22734 1.0
0.22746 1.0
0.22757 1.0
0.22769 1.0
0.22780 1.0
0.22791 1.0
0.22803 1.0
0.22814 1.0
0.22826 1.0
0.22837 1.0
0.22848 1.0
0.22860 1.0
0.22871 1.0
0.22883 1.0
0.22894 1.0
0.22906 1.0
0.22917 1.0
0.22928 1.0
0.22940 1.0
0.22951 1.0
0.22963 1.0
0.22974 1.0
0.22986 1.0
0.22997 1.0
0.23009 1.0
0.23020 1.0
0.23032 1.0
0.23043 1.0
0.23055 1.0
0.23066 1.0
0.23078 1.0
0.23089 1.0
0.23101 1.0
0.23113 1.0
0.23124 1.0
0.23136 1.0
0.23147 1.0
0.23159 1.0
0.23170 1.0
0.23182 1.0
0.23194 1.0
0.23205 1.0
0.23217 1.0
0.23228 1.0
0.23240 1.0
0.23252 1.0
0.23263 1.0
0.23275 1.0
0.23286 1.0
0.23298 1.0
0.23310 1.0
0.23321 1.0
0.23333 1.0
0.23345 1.0
0.23356 1.0
0.23368 1.0
0.23380 1.0
0.23391 1.0
0.23403 1.0
0.23415 1.0
0.23427 1.0
0.23438 1.0
0.23450 1.0
0.23462 1.0
0.23473 1.0
0.23485 1.0
0.23497 1.0
0.23509 1.0
0.23520 1.0
0.23532 1.0
0.23544 1.0
0.23556 1.0
0.23568 1.0
0.23579 1.0
0.23591 1.0
0.23603 1.0
0.23615 1.0
0.23627 1.0
0.23638 1.0
0.23650 1.0
0.23662 1.0
0.23674 1.0
0.23686 1.0
0.23697 1.0
0.23709 1.0
0.23721 1.0
0.23733 1.0
0.23745 1.0
0.23757 1.0
0.23769 1.0
0.23781 1.0
0.23792 1.0
0.23804 1.0
0.23816 1.0
0.23828 1.0
0.23840 1.0
0.23852 1.0
0.23864 1.0
0.23876 1.0
0.23888 1.0
0.23900 1.0
0.23912 1.0
0.23924 1.0
0.23936 1.0
0.23948 1.0
0.23960 1.0
0.23972 1.0
0.23984 1.0
0.23995 1.0
0.24007 1.0
0.24020 1.0
0.24032 1.0
0.24044 1.0
0.24056 1.0
0.24068 1.0
0.24080 1.0
0.24092 1.0
0.24104 1.0
0.24116 1.0
0.24128 1.0
0.24140 1.0
0.24152 1.0
0.24164 1.0
0.24176 1.0
0.24188 1.0
0.24200 1.0
0.24212 1.0
0.24224 1.0
0.24237 1.0
0.24249 1.0
0.24261 1.0
0.24273 1.0
0.24285 1.0
0.24297 1.0
0.24309 1.0
0.24322 1.0
0.24334 1.0
0.24346 1.0
0.24358 1.0
0.24370 1.0
0.24382 1.0
0.24395 1.0
0.24407 1.0
0.24419 1.0
0.24431 1.0
0.24443 1.0
0.24456 1.0
0.24468 1.0
0.24480 1.0
0.24492 1.0
0.24505 1.0
0.24517 1.0
0.24529 1.0
0.24541 1.0
0.24554 1.0
0.24566 1.0
0.24578 1.0
0.24590 1.0
0.24603 1.0
0.24615 1.0
0.24627 1.0
0.24640 1.0
0.24652 1.0
0.24664 1.0
0.24677 1.0
0.24689 1.0
0.24701 1.0
0.24714 1.0
0.24726 1.0
0.24738 1.0
0.24751 1.0
0.24763 1.0
0.24776 1.0
0.24788 1.0
0.24800 1.0
0.24813 1.0
0.24825 1.0
0.24838 1.0
0.24850 1.0
0.24862 1.0
0.24875 1.0
0.24887 1.0
0.24900 1.0
0.24912 1.0
0.24925 1.0
0.24937 1.0
0.24950 1.0
0.24962 1.0
0.24975 1.0
0.24987 1.0
0.25000 1.0
0.25012 1.0
0.25025 1.0
0.25037 1.0
0.25050 1.0
0.25062 1.0
0.25075 1.0
0.25087 1.0
0.25100 1.0
0.25112 1.0
0.25125 1.0
0.25137 1.0
0.25150 1.0
0.25162 1.0
0.25175 1.0
0.25188 1.0
0.25200 1.0
0.25213 1.0
0.25225 1.0
0.25238 1.0
0.25251 1.0
0.25263 1.0
0.25276 1.0
0.25289 1.0
0.25301 1.0
0.25314 1.0
0.25327 1.0
0.25339 1.0
0.25352 1.0
0.25365 1.0
0.25377 1.0
0.25390 1.0
0.25403 1.0
0.25415 1.0
0.25428 1.0
0.25441 1.0
0.25453 1.0
0.25466 1.0
0.25479 1.0
0.25492 1.0
0.25504 1.0
0.25517 1.0
0.25530 1.0
0.25543 1.0
0.25555 1.0
0.25568 1.0
0.25581 1.0
0.25594 1.0
0.25607 1.0
0.25619 1.0
0.25632 1.0
0.25645 1.0
0.25658 1.0
0.25671 1.0
0.25684 1.0
0.25696 1.0
0.25709 1.0
0.25722 1.0
0.25735 1.0
0.25748 1.0
0.25761 1.0
0.25774 1.0
0.25786 1.0
0.25799 1.0
0.25812 1.0
0.25825 1.0
0.25838 1.0
0.25851 1.0
0.25864 1.0
0.25877 1.0
0.25890 1.0
0.25903 1.0
0.25916 1.0
0.25929 1.0
0.25942 1.0
0.25955 1.0
0.25968 1.0
0.25981 1.0
0.25993 1.0
0.26006 1.0
0.26019 1.0
0.26033 1.0
0.26046 1.0
0.26059 1.0
0.26072 1.0
0.26085 1.0
0.26098 1.0
0.26111 1.0
0.26124 1.0
0.26137 1.0
0.26150 1.0
0.26163 1.0
0.26176 1.0
0.26189 1.0
0.26202 1.0
0.26215 1.0
0.26228 1.0
0.26242 1.0
0.26255 1.0
0.26268 1.0
0.26281 1.0
0.26294 1.0
0.26307 1.0
0.26320 1.0
0.26334 1.0
0.26347 1.0
0.26360 1.0
0.26373 1.0
0.26386 1.0
0.26399 1.0
0.26413 1.0
0.26426 1.0
0.26439 1.0
0.26452 1.0
0.26465 1.0
0.26479 1.0
0.26492 1.0
0.26505 1.0
0.26518 1.0
0.26532 1.0
0.26545 1.0
0.26558 1.0
0.26572 1.0
0.26585 1.0
0.26598 1.0
0.26611 1.0
0.26625 1.0
0.26638 1.0
0.26651 1.0
0.26665 1.0
0.26678 1.0
0.26691 1.0
0.26705 1.0
0.26718 1.0
0.26731 1.0
0.26745 1.0
0.26758 1.0
0.26772 1.0
0.26785 1.0
0.26798 1.0
0.26812 1.0
0.26825 1.0
0.26839 1.0
0.26852 1.0
0.26865 1.0
0.26879 1.0
0.26892 1.0
0.26906 1.0
0.26919 1.0
0.26933 1.0
0.26946 1.0
0.26960 1.0
0.26973 1.0
0.26987 1.0
0.27000 1.0
0.27013 1.0
0.27027 1.0
0.27041 1.0
0.27054 1.0
0.27068 1.0
0.27081 1.0
0.27095 1.0
0.27108 1.0
0.27122 1.0
0.27135 1.0
0.27149 1.0
0.27162 1.0
0.27176 1.0
0.27190 1.0
0.27203 1.0
0.27217 1.0
0.27230 1.0
0.27244 1.0
0.27258 1.0
0.27271 1.0
0.27285 1.0
0.27299 1.0
0.27312 1.0
0.27326 1.0
0.27340 1.0
0.27353 1.0
0.27367 1.0
0.27381 1.0
0.27394 1.0
0.27408 1.0
0.27422 1.0
0.27435 1.0
0.27449 1.0
0.27463 1.0
0.27477 1.0
0.27490 1.0
0.27504 1.0
0.27518 1.0
0.27532 1.0
0.27545 1.0
0.27559 1.0
0.27573 1.0
0.27587 1.0
0.27600 1.0
0.27614 1.0
0.27628 1.0
0.27642 1.0
0.27656 1.0
0.27669 1.0
0.27683 1.0
0.27697 1.0
0.27711 1.0
0.27725 1.0
0.27739 1.0
0.27753 1.0
0.27766 1.0
0.27780 1.0
0.27794 1.0
0.27808 1.0
0.27822 1.0
0.27836 1.0
0.27850 1.0
0.27864 1.0
0.27878 1.0
0.27892 1.0
0.27906 1.0
0.27920 1.0
0.27934 1.0
0.27948 1.0
0.27961 1.0
0.27975 1.0
0.27989 1.0
0.28003 1.0
0.28017 1.0
0.28031 1.0
0.28045 1.0
0.28059 1.0
0.28074 1.0
0.28088 1.0
0.28102 1.0
0.28116 1.0
0.28130 1.0
0.28144 1.0
0.28158 1.0
0.28172 1.0
0.28186 1.0
0.28200 1.0
0.28214 1.0
0.28228 1.0
0.28242 1.0
0.28257 1.0
0.28271 1.0
0.28285 1.0
0.28299 1.0
0.28313 1.0
0.28327 1.0
0.28341 1.0
0.28356 1.0
0.28370 1.0
0.28384 1.0
0.28398 1.0
0.28412 1.0
0.28427 1.0
0.28441 1.0
0.28455 1.0
0.28469 1.0
0.28483 1.0
0.28498 1.0
0.28512 1.0
0.28526 1.0
0.28540 1.0
0.28555 1.0
0.28569 1.0
0.28583 1.0
0.28598 1.0
0.28612 1.0
0.28626 1.0
0.28641 1.0
0.28655 1.0
0.28669 1.0
0.28683 1.0
0.28698 1.0
0.28712 1.0
0.28727 1.0
0.28741 1.0
0.28755 1.0
0.28770 1.0
0.28784 1.0
0.28798 1.0
0.28813 1.0
0.28827 1.0
0.28842 1.0
0.28856 1.0
0.28870 1.0
0.28885 1.0
0.28899 1.0
0.28914 1.0
0.28928 1.0
0.28943 1.0
0.28957 1.0
0.28972 1.0
0.28986 1.0
0.29001 1.0
0.29015 1.0
0.29030 1.0
0.29044 1.0
0.29059 1.0
0.29073 1.0
0.29088 1.0
0.29102 1.0
0.29117 1.0
0.29131 1.0
0.29146 1.0
0.29161 1.0
0.29175 1.0
0.29190 1.0
0.29204 1.0
0.29219 1.0
0.29234 1.0
0.29248 1.0
0.29263 1.0
0.29277 1.0
0.29292 1.0
0.29307 1.0
0.29321 1.0
0.29336 1.0
0.29351 1.0
0.29365 1.0
0.29380 1.0
0.29395 1.0
0.29409 1.0
0.29424 1.0
0.29439 1.0
0.29454 1.0
0.29468 1.0
0.29483 1.0
0.29498 1.0
0.29513 1.0
0.29527 1.0
0.29542 1.0
0.29557 1.0
0.29572 1.0
0.29586 1.0
0.29601 1.0
0.29616 1.0
0.29631 1.0
0.29646 1.0
0.29660 1.0
0.29675 1.0
0.29690 1.0
0.29705 1.0
0.29720 1.0
0.29735 1.0
0.29750 1.0
0.29764 1.0
0.29779 1.0
0.29794 1.0
0.29809 1.0
0.29824 1.0
0.29839 1.0
0.29854 1.0
0.29869 1.0
0.29884 1.0
0.29899 1.0
0.29914 1.0
0.29928 1.0
0.29943 1.0
0.29958 1.0
0.29973 1.0
0.29988 1.0
0.30003 1.0
0.30018 1.0
0.30033 1.0
0.30048 1.0
0.30063 1.0
0.30078 1.0
0.30094 1.0
0.30109 1.0
0.30124 1.0
0.30139 1.0
0.30154 1.0
0.30169 1.0
0.30184 1.0
0.30199 1.0
0.30214 1.0
0.30229 1.0
0.30244 1.0
0.30259 1.0
0.30275 1.0
0.30290 1.0
0.30305 1.0
0.30320 1.0
0.30335 1.0
0.30350 1.0
0.30366 1.0
0.30381 1.0
0.30396 1.0
0.30411 1.0
0.30426 1.0
0.30442 1.0
0.30457 1.0
0.30472 1.0
0.30487 1.0
0.30502 1.0
0.30518 1.0
0.30533 1.0
0.30548 1.0
0.30563 1.0
0.30579 1.0
0.30594 1.0
0.30609 1.0
0.30625 1.0
0.30640 1.0
0.30655 1.0
0.30671 1.0
0.30686 1.0
0.30701 1.0
0.30717 1.0
0.30732 1.0
0.30747 1.0
0.30763 1.0
0.30778 1.0
0.30794 1.0
0.30809 1.0
0.30824 1.0
0.30840 1.0
0.30855 1.0
0.30871 1.0
0.30886 1.0
0.30901 1.0
0.30917 1.0
0.30932 1.0
0.30948 1.0
0.30963 1.0
0.30979 1.0
0.30994 1.0
0.31010 1.0
0.31025 1.0
0.31041 1.0
0.31056 1.0
0.31072 1.0
0.31087 1.0
0.31103 1.0
0.31118 1.0
0.31134 1.0
0.31150 1.0
0.31165 1.0
0.31181 1.0
0.31196 1.0
0.31212 1.0
0.31228 1.0
0.31243 1.0
0.31259 1.0
0.31274 1.0
0.31290 1.0
0.31306 1.0
0.31321 1.0
0.31337 1.0
0.31353 1.0
0.31368 1.0
0.31384 1.0
0.31400 1.0
0.31415 1.0
0.31431 1.0
0.31447 1.0
0.31463 1.0
0.31478 1.0
0.31494 1.0
0.31510 1.0
0.31526 1.0
0.31541 1.0
0.31557 1.0
0.31573 1.0
0.31589 1.0
0.31604 1.0
0.31620 1.0
0.31636 1.0
0.31652 1.0
0.31668 1.0
0.31684 1.0
0.31699 1.0
0.31715 1.0
0.31731 1.0
0.31747 1.0
0.31763 1.0
0.31779 1.0
0.31795 1.0
0.31810 1.0
0.31826 1.0
0.31842 1.0
0.31858 1.0
0.31874 1.0
0.31890 1.0
0.31906 1.0
0.31922 1.0
0.31938 1.0
0.31954 1.0
0.31970 1.0
0.31986 1.0
0.32002 1.0
0.32018 1.0
0.32034 1.0
0.32050 1.0
0.32066 1.0
0.32082 1.0
0.32098 1.0
0.32114 1.0
0.32130 1.0
0.32146 1.0
0.32162 1.0
0.32178 1.0
0.32194 1.0
0.32211 1.0
0.32227 1.0
0.32243 1.0
0.32259 1.0
0.32275 1.0
0.32291 1.0
0.32307 1.0
0.32323 1.0
0.32340 1.0
0.32356 1.0
0.32372 1.0
0.32388 1.0
0.32404 1.0
0.32421 1.0
0.32437 1.0
0.32453 1.0
0.32469 1.0
0.32485 1.0
0.32502 1.0
0.32518 1.0
0.32534 1.0
0.32550 1.0
0.32567 1.0
0.32583 1.0
0.32599 1.0
0.32616 1.0
0.32632 1.0
0.32648 1.0
0.32665 1.0
0.32681 1.0
0.32697 1.0
0.32714 1.0
0.32730 1.0
0.32746 1.0
0.32763 1.0
0.32779 1.0
0.32795 1.0
0.32812 1.0
0.32828 1.0
0.32845 1.0
0.32861 1.0
0.32877 1.0
0.32894 1.0
0.32910 1.0
0.32927 1.0
0.32943 1.0
0.32960 1.0
0.32976 1.0
0.32993 1.0
0.33009 1.0
0.33026 1.0
0.33042 1.0
0.33059 1.0
0.33075 1.0
0.33092 1.0
0.33108 1.0
0.33125 1.0
0.33141 1.0
0.33158 1.0
0.33175 1.0
0.33191 1.0
0.33208 1.0
0.33224 1.0
0.33241 1.0
0.33258 1.0
0.33274 1.0
0.33291 1.0
0.33308 1.0
0.33324 1.0
0.33341 1.0
0.33358 1.0
0.33374 1.0
0.33391 1.0
0.33408 1.0
0.33424 1.0
0.33441 1.0
0.33458 1.0
0.33474 1.0
0.33491 1.0
0.33508 1.0
0.33525 1.0
0.33541 1.0
0.33558 1.0
0.33575 1.0
0.33592 1.0
0.33609 1.0
0.33625 1.0
0.33642 1.0
0.33659 1.0
0.33676 1.0
0.33693 1.0
0.33710 1.0
0.33726 1.0
0.33743 1.0
0.33760 1.0
0.33777 1.0
0.33794 1.0
0.33811 1.0
0.33828 1.0
0.33845 1.0
0.33862 1.0
0.33878 1.0
0.33895 1.0
0.33912 1.0
0.33929 1.0
0.33946 1.0
0.33963 1.0
0.33980 1.0
0.33997 1.0
0.34014 1.0
0.34031 1.0
0.34048 1.0
0.34065 1.0
0.34082 1.0
0.34099 1.0
0.34116 1.0
0.34133 1.0
0.34151 1.0
0.34168 1.0
0.34185 1.0
0.34202 1.0
0.34219 1.0
0.34236 1.0
0.34253 1.0
0.34270 1.0
0.34287 1.0
0.34305 1.0
0.34322 1.0
0.34339 1.0
0.34356 1.0
0.34373 1.0
0.34390 1.0
0.34408 1.0
0.34425 1.0
0.34442 1.0
0.34459 1.0
0.34476 1.0
0.34494 1.0
0.34511 1.0
0.34528 1.0
0.34545 1.0
0.34563 1.0
0.34580 1.0
0.34597 1.0
0.34615 1.0
0.34632 1.0
0.34649 1.0
0.34667 1.0
0.34684 1.0
0.34701 1.0
0.34719 1.0
0.34736 1.0
0.34753 1.0
0.34771 1.0
0.34788 1.0
0.34805 1.0
0.34823 1.0
0.34840 1.0
0.34858 1.0
0.34875 1.0
0.34893 1.0
0.34910 1.0
0.34927 1.0
0.34945 1.0
0.34962 1.0
0.34980 1.0
0.34997 1.0
0.35015 1.0
0.35032 1.0
0.35050 1.0
0.35067 1.0
0.35085 1.0
0.35102 1.0
0.35120 1.0
0.35138 1.0
0.35155 1.0
0.35173 1.0
0.35190 1.0
0.35208 1.0
0.35226 1.0
0.35243 1.0
0.35261 1.0
0.35278 1.0
0.35296 1.0
0.35314 1.0
0.35331 1.0
0.35349 1.0
0.35367 1.0
0.35384 1.0
0.35402 1.0
0.35420 1.0
0.35437 1.0
0.35455 1.0
0.35473 1.0
0.35491 1.0
0.35508 1.0
0.35526 1.0
0.35544 1.0
0.35562 1.0
0.35579 1.0
0.35597 1.0
0.35615 1.0
0.35633 1.0
0.35651 1.0
0.35668 1.0
0.35686 1.0
0.35704 1.0
0.35722 1.0
0.35740 1.0
0.35758 1.0
0.35776 1.0
0.35794 1.0
0.35811 1.0
0.35829 1.0
0.35847 1.0
0.35865 1.0
0.35883 1.0
0.35901 1.0
0.35919 1.0
0.35937 1.0
0.35955 1.0
0.35973 1.0
0.35991 1.0
0.36009 1.0
0.36027 1.0
0.36045 1.0
0.36063 1.0
0.36081 1.0
0.36099 1.0
0.36117 1.0
0.36135 1.0
0.36153 1.0
0.36171 1.0
0.36189 1.0
0.36207 1.0
0.36226 1.0
0.36244 1.0
0.36262 1.0
0.36280 1.0
0.36298 1.0
0.36316 1.0
0.36334 1.0
0.36352 1.0
0.36371 1.0
0.36389 1.0
0.36407 1.0
0.36425 1.0
0.36443 1.0
0.36462 1.0
0.36480 1.0
0.36498 1.0
0.36516 1.0
0.36535 1.0
0.36553 1.0
0.36571 1.0
0.36589 1.0
0.36608 1.0
0.36626 1.0
0.36644 1.0
0.36663 1.0
0.36681 1.0
0.36699 1.0
0.36718 1.0
0.36736 1.0
0.36754 1.0
0.36773 1.0
0.36791 1.0
0.36810 1.0
0.36828 1.0
0.36846 1.0
0.36865 1.0
0.36883 1.0
0.36902 1.0
0.36920 1.0
0.36939 1.0
0.36957 1.0
0.36976 1.0
0.36994 1.0
0.37013 1.0
0.37031 1.0
0.37050 1.0
0.37068 1.0
0.37087 1.0
0.37105 1.0
0.37124 1.0
0.37142 1.0
0.37161 1.0
0.37179 1.0
0.37198 1.0
0.37217 1.0
0.37235 1.0
0.37254 1.0
0.37273 1.0
0.37291 1.0
0.37310 1.0
0.37328 1.0
0.37347 1.0
0.37366 1.0
0.37384 1.0
0.37403 1.0
0.37422 1.0
0.37441 1.0
0.37459 1.0
0.37478 1.0
0.37497 1.0
0.37516 1.0
0.37534 1.0
0.37553 1.0
0.37572 1.0
0.37591 1.0
0.37609 1.0
0.37628 1.0
0.37647 1.0
0.37666 1.0
0.37685 1.0
0.37704 1.0
0.37722 1.0
0.37741 1.0
0.37760 1.0
0.37779 1.0
0.37798 1.0
0.37817 1.0
0.37836 1.0
0.37855 1.0
0.37874 1.0
0.37892 1.0
0.37911 1.0
0.37930 1.0
0.37949 1.0
0.37968 1.0
0.37987 1.0
0.38006 1.0
0.38025 1.0
0.38044 1.0
0.38063 1.0
0.38082 1.0
0.38101 1.0
0.38120 1.0
0.38139 1.0
0.38159 1.0
0.38178 1.0
0.38197 1.0
0.38216 1.0
0.38235 1.0
0.38254 1.0
0.38273 1.0
0.38292 1.0
0.38311 1.0
0.38331 1.0
0.38350 1.0
0.38369 1.0
0.38388 1.0
0.38407 1.0
0.38427 1.0
0.38446 1.0
0.38465 1.0
0.38484 1.0
0.38503 1.0
0.38523 1.0
0.38542 1.0
0.38561 1.0
0.38581 1.0
0.38600 1.0
0.38619 1.0
0.38638 1.0
0.38658 1.0
0.38677 1.0
0.38696 1.0
0.38716 1.0
0.38735 1.0
0.38754 1.0
0.38774 1.0
0.38793 1.0
0.38813 1.0
0.38832 1.0
0.38851 1.0
0.38871 1.0
0.38890 1.0
0.38910 1.0
0.38929 1.0
0.38949 1.0
0.38968 1.0
0.38988 1.0
0.39007 1.0
0.39027 1.0
0.39046 1.0
0.39066 1.0
0.39085 1.0
0.39105 1.0
0.39124 1.0
0.39144 1.0
0.39163 1.0
0.39183 1.0
0.39203 1.0
0.39222 1.0
0.39242 1.0
0.39261 1.0
0.39281 1.0
0.39301 1.0
0.39320 1.0
0.39340 1.0
0.39360 1.0
0.39379 1.0
0.39399 1.0
0.39419 1.0
0.39438 1.0
0.39458 1.0
0.39478 1.0
0.39498 1.0
0.39517 1.0
0.39537 1.0
0.39557 1.0
0.39577 1.0
0.39597 1.0
0.39616 1.0
0.39636 1.0
0.39656 1.0
0.39676 1.0
0.39696 1.0
0.39715 1.0
0.39735 1.0
0.39755 1.0
0.39775 1.0
0.39795 1.0
0.39815 1.0
0.39835 1.0
0.39855 1.0
0.39875 1.0
0.39895 1.0
0.39914 1.0
0.39934 1.0
0.39954 1.0
0.39974 1.0
0.39994 1.0
0.40014 1.0
0.40034 1.0
0.40054 1.0
0.40074 1.0
0.40094 1.0
0.40114 1.0
0.40135 1.0
0.40155 1.0
0.40175 1.0
0.40195 1.0
0.40215 1.0
0.40235 1.0
0.40255 1.0
0.40275 1.0
0.40295 1.0
0.40316 1.0
0.40336 1.0
0.40356 1.0
0.40376 1.0
0.40396 1.0
0.40416 1.0
0.40437 1.0
0.40457 1.0
0.40477 1.0
0.40497 1.0
0.40518 1.0
0.40538 1.0
0.40558 1.0
0.40578 1.0
0.40599 1.0
0.40619 1.0
0.40639 1.0
0.40660 1.0
0.40680 1.0
0.40700 1.0
0.40721 1.0
0.40741 1.0
0.40761 1.0
0.40782 1.0
0.40802 1.0
0.40823 1.0
0.40843 1.0
0.40863 1.0
0.40884 1.0
0.40904 1.0
0.40925 1.0
0.40945 1.0
0.40966 1.0
0.40986 1.0
0.41007 1.0
0.41027 1.0
0.41048 1.0
0.41068 1.0
0.41089 1.0
0.41109 1.0
0.41130 1.0
0.41150 1.0
0.41171 1.0
0.41191 1.0
0.41212 1.0
0.41233 1.0
0.41253 1.0
0.41274 1.0
0.41295 1.0
0.41315 1.0
0.41336 1.0
0.41357 1.0
0.41377 1.0
0.41398 1.0
0.41419 1.0
0.41439 1.0
0.41460 1.0
0.41481 1.0
0.41501 1.0
0.41522 1.0
0.41543 1.0
0.41564 1.0
0.41585 1.0
0.41605 1.0
0.41626 1.0
0.41647 1.0
0.41668 1.0
0.41689 1.0
0.41709 1.0
0.41730 1.0
0.41751 1.0
0.41772 1.0
0.41793 1.0
0.41814 1.0
0.41835 1.0
0.41856 1.0
0.41877 1.0
0.41898 1.0
0.41918 1.0
0.41939 1.0
0.41960 1.0
0.41981 1.0
0.42002 1.0
0.42023 1.0
0.42044 1.0
0.42065 1.0
0.42086 1.0
0.42107 1.0
0.42129 1.0
0.42150 1.0
0.42171 1.0
0.42192 1.0
0.42213 1.0
0.42234 1.0
0.42255 1.0
0.42276 1.0
0.42297 1.0
0.42319 1.0
0.42340 1.0
0.42361 1.0
0.42382 1.0
0.42403 1.0
0.42424 1.0
0.42446 1.0
0.42467 1.0
0.42488 1.0
0.42509 1.0
0.42531 1.0
0.42552 1.0
0.42573 1.0
0.42594 1.0
0.42616 1.0
0.42637 1.0
0.42658 1.0
0.42680 1.0
0.42701 1.0
0.42722 1.0
0.42744 1.0
0.42765 1.0
0.42786 1.0
0.42808 1.0
0.42829 1.0
0.42851 1.0
0.42872 1.0
0.42894 1.0
0.42915 1.0
0.42936 1.0
0.42958 1.0
0.42979 1.0
0.43001 1.0
0.43022 1.0
0.43044 1.0
0.43065 1.0
0.43087 1.0
0.43108 1.0
0.43130 1.0
0.43152 1.0
0.43173 1.0
0.43195 1.0
0.43216 1.0
0.43238 1.0
0.43260 1.0
0.43281 1.0
0.43303 1.0
0.43325 1.0
0.43346 1.0
0.43368 1.0
0.43390 1.0
0.43411 1.0
0.43433 1.0
0.43455 1.0
0.43476 1.0
0.43498 1.0
0.43520 1.0
0.43542 1.0
0.43563 1.0
0.43585 1.0
0.43607 1.0
0.43629 1.0
0.43651 1.0
0.43672 1.0
0.43694 1.0
0.43716 1.0
0.43738 1.0
0.43760 1.0
0.43782 1.0
0.43804 1.0
0.43825 1.0
0.43847 1.0
0.43869 1.0
0.43891 1.0
0.43913 1.0
0.43935 1.0
0.43957 1.0
0.43979 1.0
0.44001 1.0
0.44023 1.0
0.44045 1.0
0.44067 1.0
0.44089 1.0
0.44111 1.0
0.44133 1.0
0.44155 1.0
0.44177 1.0
0.44200 1.0
0.44222 1.0
0.44244 1.0
0.44266 1.0
0.44288 1.0
0.44310 1.0
0.44332 1.0
0.44354 1.0
0.44377 1.0
0.44399 1.0
0.44421 1.0
0.44443 1.0
0.44465 1.0
0.44488 1.0
0.44510 1.0
0.44532 1.0
0.44554 1.0
0.44577 1.0
0.44599 1.0
0.44621 1.0
0.44644 1.0
0.44666 1.0
0.44688 1.0
0.44711 1.0
0.44733 1.0
0.44755 1.0
0.44778 1.0
0.44800 1.0
0.44822 1.0
0.44845 1.0
0.44867 1.0
0.44890 1.0
0.44912 1.0
0.44935 1.0
0.44957 1.0
0.44980 1.0
0.45002 1.0
0.45025 1.0
0.45047 1.0
0.45070 1.0
0.45092 1.0
0.45115 1.0
0.45137 1.0
0.45160 1.0
0.45182 1.0
0.45205 1.0
0.45228 1.0
0.45250 1.0
0.45273 1.0
0.45295 1.0
0.45318 1.0
0.45341 1.0
0.45363 1.0
0.45386 1.0
0.45409 1.0
0.45432 1.0
0.45454 1.0
0.45477 1.0
0.45500 1.0
0.45522 1.0
0.45545 1.0
0.45568 1.0
0.45591 1.0
0.45614 1.0
0.45636 1.0
0.45659 1.0
0.45682 1.0
0.45705 1.0
0.45728 1.0
0.45751 1.0
0.45773 1.0
0.45796 1.0
0.45819 1.0
0.45842 1.0
0.45865 1.0
0.45888 1.0
0.45911 1.0
0.45934 1.0
0.45957 1.0
0.45980 1.0
0.46003 1.0
0.46026 1.0
0.46049 1.0
0.46072 1.0
0.46095 1.0
0.46118 1.0
0.46141 1.0
0.46164 1.0
0.46187 1.0
0.46210 1.0
0.46233 1.0
0.46257 1.0
0.46280 1.0
0.46303 1.0
0.46326 1.0
0.46349 1.0
0.46372 1.0
0.46395 1.0
0.46419 1.0
0.46442 1.0
0.46465 1.0
0.46488 1.0
0.46512 1.0
0.46535 1.0
0.46558 1.0
0.46581 1.0
0.46605 1.0
0.46628 1.0
0.46651 1.0
0.46675 1.0
0.46698 1.0
0.46721 1.0
0.46745 1.0
0.46768 1.0
0.46791 1.0
0.46815 1.0
0.46838 1.0
0.46862 1.0
0.46885 1.0
0.46908 1.0
0.46932 1.0
0.46955 1.0
0.46979 1.0
0.47002 1.0
0.47026 1.0
0.47049 1.0
0.47073 1.0
0.47096 1.0
0.47120 1.0
0.47144 1.0
0.47167 1.0
0.47191 1.0
0.47214 1.0
0.47238 1.0
0.47262 1.0
0.47285 1.0
0.47309 1.0
0.47332 1.0
0.47356 1.0
0.47380 1.0
0.47404 1.0
0.47427 1.0
0.47451 1.0
0.47475 1.0
0.47498 1.0
0.47522 1.0
0.47546 1.0
0.47570 1.0
0.47593 1.0
0.47617 1.0
0.47641 1.0
0.47665 1.0
0.47689 1.0
0.47713 1.0
0.47736 1.0
0.47760 1.0
0.47784 1.0
0.47808 1.0
0.47832 1.0
0.47856 1.0
0.47880 1.0
0.47904 1.0
0.47928 1.0
0.47952 1.0
0.47976 1.0
0.48000 1.0
0.48024 1.0
0.48048 1.0
0.48072 1.0
0.48096 1.0
0.48120 1.0
0.48144 1.0
0.48168 1.0
0.48192 1.0
0.48216 1.0
0.48240 1.0
0.48264 1.0
0.48288 1.0
0.48313 1.0
0.48337 1.0
0.48361 1.0
0.48385 1.0
0.48409 1.0
0.48433 1.0
0.48458 1.0
0.48482 1.0
0.48506 1.0
0.48530 1.0
0.48555 1.0
0.48579 1.0
0.48603 1.0
0.48628 1.0
0.48652 1.0
0.48676 1.0
0.48701 1.0
0.48725 1.0
0.48749 1.0
0.48774 1.0
0.48798 1.0
0.48822 1.0
0.48847 1.0
0.48871 1.0
0.48896 1.0
0.48920 1.0
0.48945 1.0
0.48969 1.0
0.48994 1.0
0.49018 1.0
0.49043 1.0
0.49067 1.0
0.49092 1.0
0.49116 1.0
0.49141 1.0
0.49165 1.0
0.49190 1.0
0.49214 1.0
0.49239 1.0
0.49264 1.0
0.49288 1.0
0.49313 1.0
0.49338 1.0
0.49362 1.0
0.49387 1.0
0.49412 1.0
0.49436 1.0
0.49461 1.0
0.49486 1.0
0.49511 1.0
0.49535 1.0
0.49560 1.0
0.49585 1.0
0.49610 1.0
0.49634 1.0
0.49659 1.0
0.49684 1.0
0.49709 1.0
0.49734 1.0
0.49759 1.0
0.49784 1.0
0.49808 1.0
0.49833 1.0
0.49858 1.0
0.49883 1.0
0.49908 1.0
0.49933 1.0
0.49958 1.0
0.49983 1.0
0.50008 1.0
0.50033 1.0
0.50058 1.0
0.50083 1.0
0.50108 1.0
0.50133 1.0
0.50158 1.0
0.50183 1.0
0.50208 1.0
0.50233 1.0
0.50259 1.0
0.50284 1.0
0.50309 1.0
0.50334 1.0
0.50359 1.0
0.50384 1.0
0.50410 1.0
0.50435 1.0
0.50460 1.0
0.50485 1.0
0.50510 1.0
0.50536 1.0
0.50561 1.0
0.50586 1.0
0.50612 1.0
0.50637 1.0
0.50662 1.0
0.50688 1.0
0.50713 1.0
0.50738 1.0
0.50764 1.0
0.50789 1.0
0.50814 1.0
0.50840 1.0
0.50865 1.0
0.50891 1.0
0.50916 1.0
0.50942 1.0
0.50967 1.0
0.50992 1.0
0.51018 1.0
0.51043 1.0
0.51069 1.0
0.51095 1.0
0.51120 1.0
0.51146 1.0
0.51171 1.0
0.51197 1.0
0.51222 1.0
0.51248 1.0
0.51274 1.0
0.51299 1.0
0.51325 1.0
0.51351 1.0
0.51376 1.0
0.51402 1.0
0.51428 1.0
0.51453 1.0
0.51479 1.0
0.51505 1.0
0.51531 1.0
0.51556 1.0
0.51582 1.0
0.51608 1.0
0.51634 1.0
0.51660 1.0
0.51685 1.0
0.51711 1.0
0.51737 1.0
0.51763 1.0
0.51789 1.0
0.51815 1.0
0.51841 1.0
0.51867 1.0
0.51892 1.0
0.51918 1.0
0.51944 1.0
0.51970 1.0
0.51996 1.0
0.52022 1.0
0.52048 1.0
0.52074 1.0
0.52100 1.0
0.52126 1.0
0.52153 1.0
0.52179 1.0
0.52205 1.0
0.52231 1.0
0.52257 1.0
0.52283 1.0
0.52309 1.0
0.52335 1.0
0.52361 1.0
0.52388 1.0
0.52414 1.0
0.52440 1.0
0.52466 1.0
0.52493 1.0
0.52519 1.0
0.52545 1.0
0.52571 1.0
0.52598 1.0
0.52624 1.0
0.52650 1.0
0.52677 1.0
0.52703 1.0
0.52729 1.0
0.52756 1.0
0.52782 1.0
0.52808 1.0
0.52835 1.0
0.52861 1.0
0.52888 1.0
0.52914 1.0
0.52940 1.0
0.52967 1.0
0.52993 1.0
0.53020 1.0
0.53046 1.0
0.53073 1.0
0.53100 1.0
0.53126 1.0
0.53153 1.0
0.53179 1.0
0.53206 1.0
0.53232 1.0
0.53259 1.0
0.53286 1.0
0.53312 1.0
0.53339 1.0
0.53366 1.0
0.53392 1.0
0.53419 1.0
0.53446 1.0
0.53472 1.0
0.53499 1.0
0.53526 1.0
0.53553 1.0
0.53579 1.0
0.53606 1.0
0.53633 1.0
0.53660 1.0
0.53687 1.0
0.53714 1.0
0.53740 1.0
0.53767 1.0
0.53794 1.0
0.53821 1.0
0.53848 1.0
0.53875 1.0
0.53902 1.0
0.53929 1.0
0.53956 1.0
0.53983 1.0
0.54010 1.0
0.54037 1.0
0.54064 1.0
0.54091 1.0
0.54118 1.0
0.54145 1.0
0.54172 1.0
0.54199 1.0
0.54226 1.0
0.54253 1.0
0.54280 1.0
0.54307 1.0
0.54335 1.0
0.54362 1.0
0.54389 1.0
0.54416 1.0
0.54443 1.0
0.54471 1.0
0.54498 1.0
0.54525 1.0
0.54552 1.0
0.54580 1.0
0.54607 1.0
0.54634 1.0
0.54662 1.0
0.54689 1.0
0.54716 1.0
0.54744 1.0
0.54771 1.0
0.54798 1.0
0.54826 1.0
0.54853 1.0
0.54881 1.0
0.54908 1.0
0.54935 1.0
0.54963 1.0
0.54990 1.0
0.55018 1.0
0.55045 1.0
0.55073 1.0
0.55100 1.0
0.55128 1.0
0.55156 1.0
0.55183 1.0
0.55211 1.0
0.55238 1.0
0.55266 1.0
0.55294 1.0
0.55321 1.0
0.55349 1.0
0.55377 1.0
0.55404 1.0
0.55432 1.0
0.55460 1.0
0.55487 1.0
0.55515 1.0
0.55543 1.0
0.55571 1.0
0.55599 1.0
0.55626 1.0
0.55654 1.0
0.55682 1.0
0.55710 1.0
0.55738 1.0
0.55766 1.0
0.55793 1.0
0.55821 1.0
0.55849 1.0
0.55877 1.0
0.55905 1.0
0.55933 1.0
0.55961 1.0
0.55989 1.0
0.56017 1.0
0.56045 1.0
0.56073 1.0
0.56101 1.0
0.56129 1.0
0.56157 1.0
0.56185 1.0
0.56213 1.0
0.56241 1.0
0.56270 1.0
0.56298 1.0
0.56326 1.0
0.56354 1.0
0.56382 1.0
0.56410 1.0
0.56439 1.0
0.56467 1.0
0.56495 1.0
0.56523 1.0
0.56552 1.0
0.56580 1.0
0.56608 1.0
0.56636 1.0
0.56665 1.0
0.56693 1.0
0.56721 1.0
0.56750 1.0
0.56778 1.0
0.56807 1.0
0.56835 1.0
0.56863 1.0
0.56892 1.0
0.56920 1.0
0.56949 1.0
0.56977 1.0
0.57006 1.0
0.57034 1.0
0.57063 1.0
0.57091 1.0
0.57120 1.0
0.57148 1.0
0.57177 1.0
0.57205 1.0
0.57234 1.0
0.57263 1.0
0.57291 1.0
0.57320 1.0
0.57349 1.0
0.57377 1.0
0.57406 1.0
0.57435 1.0
0.57463 1.0
0.57492 1.0
0.57521 1.0
0.57550 1.0
0.57578 1.0
0.57607 1.0
0.57636 1.0
0.57665 1.0
0.57694 1.0
0.57722 1.0
0.57751 1.0
0.57780 1.0
0.57809 1.0
0.57838 1.0
0.57867 1.0
0.57896 1.0
0.57925 1.0
0.57954 1.0
0.57983 1.0
0.58012 1.0
0.58041 1.0
0.58070 1.0
0.58099 1.0
0.58128 1.0
0.58157 1.0
0.58186 1.0
0.58215 1.0
0.58244 1.0
0.58273 1.0
0.58302 1.0
0.58332 1.0
0.58361 1.0
0.58390 1.0
0.58419 1.0
0.58448 1.0
0.58478 1.0
0.58507 1.0
0.58536 1.0
0.58565 1.0
0.58595 1.0
0.58624 1.0
0.58653 1.0
0.58683 1.0
0.58712 1.0
0.58741 1.0
0.58771 1.0
0.58800 1.0
0.58829 1.0
0.58859 1.0
0.58888 1.0
0.58918 1.0
0.58947 1.0
0.58977 1.0
0.59006 1.0
0.59036 1.0
0.59065 1.0
0.59095 1.0
0.59124 1.0
0.59154 1.0
0.59183 1.0
0.59213 1.0
0.59243 1.0
0.59272 1.0
0.59302 1.0
0.59331 1.0
0.59361 1.0
0.59391 1.0
0.59421 1.0
0.59450 1.0
0.59480 1.0
0.59510 1.0
0.59539 1.0
0.59569 1.0
0.59599 1.0
0.59629 1.0
0.59659 1.0
0.59688 1.0
0.59718 1.0
0.59748 1.0
0.59778 1.0
0.59808 1.0
0.59838 1.0
0.59868 1.0
0.59898 1.0
0.59928 1.0
0.59958 1.0
0.59988 1.0
0.60018 1.0
0.60048 1.0
0.60078 1.0
0.60108 1.0
0.60138 1.0
0.60168 1.0
0.60198 1.0
0.60228 1.0
0.60258 1.0
0.60288 1.0
0.60318 1.0
0.60348 1.0
0.60379 1.0
0.60409 1.0
0.60439 1.0
0.60469 1.0
0.60500 1.0
0.60530 1.0
0.60560 1.0
0.60590 1.0
0.60621 1.0
0.60651 1.0
0.60681 1.0
0.60712 1.0
0.60742 1.0
0.60772 1.0
0.60803 1.0
0.60833 1.0
0.60863 1.0
0.60894 1.0
0.60924 1.0
0.60955 1.0
0.60985 1.0
0.61016 1.0
0.61046 1.0
0.61077 1.0
0.61107 1.0
0.61138 1.0
0.61169 1.0
0.61199 1.0
0.61230 1.0
0.61260 1.0
0.61291 1.0
0.61322 1.0
0.61352 1.0
0.61383 1.0
0.61414 1.0
0.61444 1.0
0.61475 1.0
0.61506 1.0
0.61537 1.0
0.61567 1.0
0.61598 1.0
0.61629 1.0
0.61660 1.0
0.61691 1.0
0.61721 1.0
0.61752 1.0
0.61783 1.0
0.61814 1.0
0.61845 1.0
0.61876 1.0
0.61907 1.0
0.61938 1.0
0.61969 1.0
0.62000 1.0
0.62031 1.0
0.62062 1.0
0.62093 1.0
0.62124 1.0
0.62155 1.0
0.62186 1.0
0.62217 1.0
0.62248 1.0
0.62279 1.0
0.62310 1.0
0.62342 1.0
0.62373 1.0
0.62404 1.0
0.62435 1.0
0.62466 1.0
0.62498 1.0
0.62529 1.0
0.62560 1.0
0.62591 1.0
0.62623 1.0
0.62654 1.0
0.62685 1.0
0.62717 1.0
0.62748 1.0
0.62779 1.0
0.62811 1.0
0.62842 1.0
0.62874 1.0
0.62905 1.0
0.62936 1.0
0.62968 1.0
0.62999 1.0
0.63031 1.0
0.63062 1.0
0.63094 1.0
0.63125 1.0
0.63157 1.0
0.63189 1.0
0.63220 1.0
0.63252 1.0
0.63283 1.0
0.63315 1.0
0.63347 1.0
0.63378 1.0
0.63410 1.0
0.63442 1.0
0.63474 1.0
0.63505 1.0
0.63537 1.0
0.63569 1.0
0.63601 1.0
0.63632 1.0
0.63664 1.0
0.63696 1.0
0.63728 1.0
0.63760 1.0
0.63792 1.0
0.63824 1.0
0.63855 1.0
0.63887 1.0
0.63919 1.0
0.63951 1.0
0.63983 1.0
0.64015 1.0
0.64047 1.0
0.64079 1.0
0.64111 1.0
0.64143 1.0
0.64175 1.0
0.64208 1.0
0.64240 1.0
0.64272 1.0
0.64304 1.0
0.64336 1.0
0.64368 1.0
0.64400 1.0
0.64433 1.0
0.64465 1.0
0.64497 1.0
0.64529 1.0
0.64562 1.0
0.64594 1.0
0.64626 1.0
0.64658 1.0
0.64691 1.0
0.64723 1.0
0.64755 1.0
0.64788 1.0
0.64820 1.0
0.64853 1.0
0.64885 1.0
0.64918 1.0
0.64950 1.0
0.64982 1.0
0.65015 1.0
0.65047 1.0
0.65080 1.0
0.65113 1.0
0.65145 1.0
0.65178 1.0
0.65210 1.0
0.65243 1.0
0.65275 1.0
0.65308 1.0
0.65341 1.0
0.65373 1.0
0.65406 1.0
0.65439 1.0
0.65472 1.0
0.65504 1.0
0.65537 1.0
0.65570 1.0
0.65603 1.0
0.65635 1.0
0.65668 1.0
0.65701 1.0
0.65734 1.0
0.65767 1.0
0.65800 1.0
0.65833 1.0
0.65865 1.0
0.65898 1.0
0.65931 1.0
0.65964 1.0
0.65997 1.0
0.66030 1.0
0.66063 1.0
0.66096 1.0
0.66129 1.0
0.66162 1.0
0.66196 1.0
0.66229 1.0
0.66262 1.0
0.66295 1.0
0.66328 1.0
0.66361 1.0
0.66394 1.0
0.66428 1.0
0.66461 1.0
0.66494 1.0
0.66527 1.0
0.66560 1.0
0.66594 1.0
0.66627 1.0
0.66660 1.0
0.66694 1.0
0.66727 1.0
0.66760 1.0
0.66794 1.0
0.66827 1.0
0.66861 1.0
0.66894 1.0
0.66927 1.0
0.66961 1.0
0.66994 1.0
0.67028 1.0
0.67061 1.0
0.67095 1.0
0.67129 1.0
0.67162 1.0
0.67196 1.0
0.67229 1.0
0.67263 1.0
0.67297 1.0
0.67330 1.0
0.67364 1.0
0.67398 1.0
0.67431 1.0
0.67465 1.0
0.67499 1.0
0.67532 1.0
0.67566 1.0
0.67600 1.0
0.67634 1.0
0.67668 1.0
0.67701 1.0
0.67735 1.0
0.67769 1.0
0.67803 1.0
0.67837 1.0
0.67871 1.0
0.67905 1.0
0.67939 1.0
0.67973 1.0
0.68007 1.0
0.68041 1.0
0.68075 1.0
0.68109 1.0
0.68143 1.0
0.68177 1.0
0.68211 1.0
0.68245 1.0
0.68279 1.0
0.68313 1.0
0.68347 1.0
0.68382 1.0
0.68416 1.0
0.68450 1.0
0.68484 1.0
0.68519 1.0
0.68553 1.0
0.68587 1.0
0.68621 1.0
0.68656 1.0
0.68690 1.0
0.68724 1.0
0.68759 1.0
0.68793 1.0
0.68827 1.0
0.68862 1.0
0.68896 1.0
0.68931 1.0
0.68965 1.0
0.69000 1.0
0.69034 1.0
0.69069 1.0
0.69103 1.0
0.69138 1.0
0.69172 1.0
0.69207 1.0
0.69242 1.0
0.69276 1.0
0.69311 1.0
0.69345 1.0
0.69380 1.0
0.69415 1.0
0.69450 1.0
0.69484 1.0
0.69519 1.0
0.69554 1.0
0.69589 1.0
0.69623 1.0
0.69658 1.0
0.69693 1.0
0.69728 1.0
0.69763 1.0
0.69798 1.0
0.69832 1.0
0.69867 1.0
0.69902 1.0
0.69937 1.0
0.69972 1.0
0.70007 1.0
0.70042 1.0
0.70077 1.0
0.70112 1.0
0.70147 1.0
0.70182 1.0
0.70218 1.0
0.70253 1.0
0.70288 1.0
0.70323 1.0
0.70358 1.0
0.70393 1.0
0.70428 1.0
0.70464 1.0
0.70499 1.0
0.70534 1.0
0.70569 1.0
0.70605 1.0
0.70640 1.0
0.70675 1.0
0.70711 1.0
0.70746 1.0
0.70781 1.0
0.70817 1.0
0.70852 1.0
0.70888 1.0
0.70923 1.0
0.70959 1.0
0.70994 1.0
0.71029 1.0
0.71065 1.0
0.71101 1.0
0.71136 1.0
0.71172 1.0
0.71207 1.0
0.71243 1.0
0.71278 1.0
0.71314 1.0
0.71350 1.0
0.71385 1.0
0.71421 1.0
0.71457 1.0
0.71493 1.0
0.71528 1.0
0.71564 1.0
0.71600 1.0
0.71636 1.0
0.71671 1.0
0.71707 1.0
0.71743 1.0
0.71779 1.0
0.71815 1.0
0.71851 1.0
0.71887 1.0
0.71923 1.0
0.71959 1.0
0.71995 1.0
0.72031 1.0
0.72067 1.0
0.72103 1.0
0.72139 1.0
0.72175 1.0
0.72211 1.0
0.72247 1.0
0.72283 1.0
0.72319 1.0
0.72355 1.0
0.72392 1.0
0.72428 1.0
0.72464 1.0
0.72500 1.0
0.72536 1.0
0.72573 1.0
0.72609 1.0
0.72645 1.0
0.72682 1.0
0.72718 1.0
0.72754 1.0
0.72791 1.0
0.72827 1.0
0.72864 1.0
0.72900 1.0
0.72936 1.0
0.72973 1.0
0.73009 1.0
0.73046 1.0
0.73082 1.0
0.73119 1.0
0.73156 1.0
0.73192 1.0
0.73229 1.0
0.73265 1.0
0.73302 1.0
0.73339 1.0
0.73375 1.0
0.73412 1.0
0.73449 1.0
0.73485 1.0
0.73522 1.0
0.73559 1.0
0.73596 1.0
0.73632 1.0
0.73669 1.0
0.73706 1.0
0.73743 1.0
0.73780 1.0
0.73817 1.0
0.73854 1.0
0.73891 1.0
0.73928 1.0
0.73964 1.0
0.74001 1.0
0.74038 1.0
0.74075 1.0
0.74113 1.0
0.74150 1.0
0.74187 1.0
0.74224 1.0
0.74261 1.0
0.74298 1.0
0.74335 1.0
0.74372 1.0
0.74409 1.0
0.74447 1.0
0.74484 1.0
0.74521 1.0
0.74558 1.0
0.74596 1.0
0.74633 1.0
0.74670 1.0
0.74708 1.0
0.74745 1.0
0.74782 1.0
0.74820 1.0
0.74857 1.0
0.74895 1.0
0.74932 1.0
0.74970 1.0
0.75007 1.0
0.75044 1.0
0.75082 1.0
0.75120 1.0
0.75157 1.0
0.75195 1.0
0.75232 1.0
0.75270 1.0
0.75308 1.0
0.75345 1.0
0.75383 1.0
0.75421 1.0
0.75458 1.0
0.75496 1.0
0.75534 1.0
0.75572 1.0
0.75609 1.0
0.75647 1.0
0.75685 1.0
0.75723 1.0
0.75761 1.0
0.75799 1.0
0.75836 1.0
0.75874 1.0
0.75912 1.0
0.75950 1.0
0.75988 1.0
0.76026 1.0
0.76064 1.0
0.76102 1.0
0.76140 1.0
0.76178 1.0
0.76216 1.0
0.76255 1.0
0.76293 1.0
0.76331 1.0
0.76369 1.0
0.76407 1.0
0.76445 1.0
0.76484 1.0
0.76522 1.0
0.76560 1.0
0.76598 1.0
0.76637 1.0
0.76675 1.0
0.76713 1.0
0.76752 1.0
0.76790 1.0
0.76828 1.0
0.76867 1.0
0.76905 1.0
0.76944 1.0
0.76982 1.0
0.77021 1.0
0.77059 1.0
0.77098 1.0
0.77136 1.0
0.77175 1.0
0.77213 1.0
0.77252 1.0
0.77291 1.0
0.77329 1.0
0.77368 1.0
0.77407 1.0
0.77445 1.0
0.77484 1.0
0.77523 1.0
0.77562 1.0
0.77600 1.0
0.77639 1.0
0.77678 1.0
0.77717 1.0
0.77756 1.0
0.77795 1.0
0.77834 1.0
0.77872 1.0
0.77911 1.0
0.77950 1.0
0.77989 1.0
0.78028 1.0
0.78067 1.0
0.78106 1.0
0.78145 1.0
0.78184 1.0
0.78224 1.0
0.78263 1.0
0.78302 1.0
0.78341 1.0
0.78380 1.0
0.78419 1.0
0.78459 1.0
0.78498 1.0
0.78537 1.0
0.78576 1.0
0.78616 1.0
0.78655 1.0
0.78694 1.0
0.78734 1.0
0.78773 1.0
0.78812 1.0
0.78852 1.0
0.78891 1.0
0.78931 1.0
0.78970 1.0
0.79010 1.0
0.79049 1.0
0.79089 1.0
0.79128 1.0
0.79168 1.0
0.79207 1.0
0.79247 1.0
0.79286 1.0
0.79326 1.0
0.79366 1.0
0.79405 1.0
0.79445 1.0
0.79485 1.0
0.79525 1.0
0.79564 1.0
0.79604 1.0
0.79644 1.0
0.79684 1.0
0.79724 1.0
0.79764 1.0
0.79803 1.0
0.79843 1.0
0.79883 1.0
0.79923 1.0
0.79963 1.0
0.80003 1.0
0.80043 1.0
0.80083 1.0
0.80123 1.0
0.80163 1.0
0.80203 1.0
0.80243 1.0
0.80284 1.0
0.80324 1.0
0.80364 1.0
0.80404 1.0
0.80444 1.0
0.80484 1.0
0.80525 1.0
0.80565 1.0
0.80605 1.0
0.80646 1.0
0.80686 1.0
0.80726 1.0
0.80767 1.0
0.80807 1.0
0.80847 1.0
0.80888 1.0
0.80928 1.0
0.80969 1.0
0.81009 1.0
0.81050 1.0
0.81090 1.0
0.81131 1.0
0.81171 1.0
0.81212 1.0
0.81252 1.0
0.81293 1.0
0.81334 1.0
0.81374 1.0
0.81415 1.0
0.81456 1.0
0.81497 1.0
0.81537 1.0
0.81578 1.0
0.81619 1.0
0.81660 1.0
0.81700 1.0
0.81741 1.0
0.81782 1.0
0.81823 1.0
0.81864 1.0
0.81905 1.0
0.81946 1.0
0.81987 1.0
0.82028 1.0
0.82069 1.0
0.82110 1.0
0.82151 1.0
0.82192 1.0
0.82233 1.0
0.82274 1.0
0.82315 1.0
0.82357 1.0
0.82398 1.0
0.82439 1.0
0.82480 1.0
0.82521 1.0
0.82563 1.0
0.82604 1.0
0.82645 1.0
0.82687 1.0
0.82728 1.0
0.82769 1.0
0.82811 1.0
0.82852 1.0
0.82893 1.0
0.82935 1.0
0.82976 1.0
0.83018 1.0
0.83059 1.0
0.83101 1.0
0.83142 1.0
0.83184 1.0
0.83226 1.0
0.83267 1.0
0.83309 1.0
0.83351 1.0
0.83392 1.0
0.83434 1.0
0.83476 1.0
0.83517 1.0
0.83559 1.0
0.83601 1.0
0.83643 1.0
0.83685 1.0
0.83726 1.0
0.83768 1.0
0.83810 1.0
0.83852 1.0
0.83894 1.0
0.83936 1.0
0.83978 1.0
0.84020 1.0
0.84062 1.0
0.84104 1.0
0.84146 1.0
0.84188 1.0
0.84230 1.0
0.84272 1.0
0.84314 1.0
0.84357 1.0
0.84399 1.0
0.84441 1.0
0.84483 1.0
0.84525 1.0
0.84568 1.0
0.84610 1.0
0.84652 1.0
0.84695 1.0
0.84737 1.0
0.84779 1.0
0.84822 1.0
0.84864 1.0
0.84906 1.0
0.84949 1.0
0.84991 1.0
0.85034 1.0
0.85076 1.0
0.85119 1.0
0.85162 1.0
0.85204 1.0
0.85247 1.0
0.85289 1.0
0.85332 1.0
0.85375 1.0
0.85417 1.0
0.85460 1.0
0.85503 1.0
0.85546 1.0
0.85588 1.0
0.85631 1.0
0.85674 1.0
0.85717 1.0
0.85760 1.0
0.85802 1.0
0.85845 1.0
0.85888 1.0
0.85931 1.0
0.85974 1.0
0.86017 1.0
0.86060 1.0
0.86103 1.0
0.86146 1.0
0.86189 1.0
0.86232 1.0
0.86276 1.0
0.86319 1.0
0.86362 1.0
0.86405 1.0
0.86448 1.0
0.86491 1.0
0.86535 1.0
0.86578 1.0
0.86621 1.0
0.86665 1.0
0.86708 1.0
0.86751 1.0
0.86795 1.0
0.86838 1.0
0.86881 1.0
0.86925 1.0
0.86968 1.0
0.87012 1.0
0.87055 1.0
0.87099 1.0
0.87142 1.0
0.87186 1.0
0.87230 1.0
0.87273 1.0
0.87317 1.0
0.87361 1.0
0.87404 1.0
0.87448 1.0
0.87492 1.0
0.87535 1.0
0.87579 1.0
0.87623 1.0
0.87667 1.0
0.87711 1.0
0.87754 1.0
0.87798 1.0
0.87842 1.0
0.87886 1.0
0.87930 1.0
0.87974 1.0
0.88018 1.0
0.88062 1.0
0.88106 1.0
0.88150 1.0
0.88194 1.0
0.88238 1.0
0.88282 1.0
0.88327 1.0
0.88371 1.0
0.88415 1.0
0.88459 1.0
0.88503 1.0
0.88548 1.0
0.88592 1.0
0.88636 1.0
0.88680 1.0
0.88725 1.0
0.88769 1.0
0.88814 1.0
0.88858 1.0
0.88902 1.0
0.88947 1.0
0.88991 1.0
0.89036 1.0
0.89080 1.0
0.89125 1.0
0.89169 1.0
0.89214 1.0
0.89259 1.0
0.89303 1.0
0.89348 1.0
0.89393 1.0
0.89437 1.0
0.89482 1.0
0.89527 1.0
0.89571 1.0
0.89616 1.0
0.89661 1.0
0.89706 1.0
0.89751 1.0
0.89796 1.0
0.89841 1.0
0.89885 1.0
0.89930 1.0
0.89975 1.0
0.90020 1.0
0.90065 1.0
0.90110 1.0
0.90155 1.0
0.90201 1.0
0.90246 1.0
0.90291 1.0
0.90336 1.0
0.90381 1.0
0.90426 1.0
0.90471 1.0
0.90517 1.0
0.90562 1.0
0.90607 1.0
0.90653 1.0
0.90698 1.0
0.90743 1.0
0.90789 1.0
0.90834 1.0
0.90879 1.0
0.90925 1.0
0.90970 1.0
0.91016 1.0
0.91061 1.0
0.91107 1.0
0.91152 1.0
0.91198 1.0
0.91244 1.0
0.91289 1.0
0.91335 1.0
0.91380 1.0
0.91426 1.0
0.91472 1.0
0.91518 1.0
0.91563 1.0
0.91609 1.0
0.91655 1.0
0.91701 1.0
0.91747 1.0
0.91793 1.0
0.91838 1.0
0.91884 1.0
0.91930 1.0
0.91976 1.0
0.92022 1.0
0.92068 1.0
0.92114 1.0
0.92160 1.0
0.92206 1.0
0.92253 1.0
0.92299 1.0
0.92345 1.0
0.92391 1.0
0.92437 1.0
0.92483 1.0
0.92530 1.0
0.92576 1.0
0.92622 1.0
0.92668 1.0
0.92715 1.0
0.92761 1.0
0.92808 1.0
0.92854 1.0
0.92900 1.0
0.92947 1.0
0.92993 1.0
0.93040 1.0
0.93086 1.0
0.93133 1.0
0.93179 1.0
0.93226 1.0
0.93273 1.0
0.93319 1.0
0.93366 1.0
0.93413 1.0
0.93459 1.0
0.93506 1.0
0.93553 1.0
0.93600 1.0
0.93646 1.0
0.93693 1.0
0.93740 1.0
0.93787 1.0
0.93834 1.0
0.93881 1.0
0.93928 1.0
0.93975 1.0
0.94022 1.0
0.94069 1.0
0.94116 1.0
0.94163 1.0
0.94210 1.0
0.94257 1.0
0.94304 1.0
0.94351 1.0
0.94398 1.0
0.94446 1.0
0.94493 1.0
0.94540 1.0
0.94587 1.0
0.94635 1.0
0.94682 1.0
0.94729 1.0
0.94777 1.0
0.94824 1.0
0.94871 1.0
0.94919 1.0
0.94966 1.0
0.95014 1.0
0.95061 1.0
0.95109 1.0
0.95156 1.0
0.95204 1.0
0.95252 1.0
0.95299 1.0
0.95347 1.0
0.95395 1.0
0.95442 1.0
0.95490 1.0
0.95538 1.0
0.95585 1.0
0.95633 1.0
0.95681 1.0
0.95729 1.0
0.95777 1.0
0.95825 1.0
0.95873 1.0
0.95921 1.0
0.95968 1.0
0.96016 1.0
0.96064 1.0
0.96113 1.0
0.96161 1.0
0.96209 1.0
0.96257 1.0
0.96305 1.0
0.96353 1.0
0.96401 1.0
0.96449 1.0
0.96498 1.0
0.96546 1.0
0.96594 1.0
0.96642 1.0
0.96691 1.0
0.96739 1.0
0.96787 1.0
0.96836 1.0
0.96884 1.0
0.96933 1.0
0.96981 1.0
0.97030 1.0
0.97078 1.0
0.97127 1.0
0.97175 1.0
0.97224 1.0
0.97273 1.0
0.97321 1.0
0.97370 1.0
0.97418 1.0
0.97467 1.0
0.97516 1.0
0.97565 1.0
0.97613 1.0
0.97662 1.0
0.97711 1.0
0.97760 1.0
0.97809 1.0
0.97858 1.0
0.97907 1.0
0.97956 1.0
0.98005 1.0
0.98054 1.0
0.98103 1.0
0.98152 1.0
0.98201 1.0
0.98250 1.0
0.98299 1.0
0.98348 1.0
0.98397 1.0
0.98447 1.0
0.98496 1.0
0.98545 1.0
0.98594 1.0
0.98644 1.0
0.98693 1.0
0.98742 1.0
0.98792 1.0
0.98841 1.0
0.98890 1.0
0.98940 1.0
0.98989 1.0
0.99039 1.0
0.99088 1.0
0.99138 1.0
0.99187 1.0
0.99237 1.0
0.99287 1.0
0.99336 1.0
0.99386 1.0
0.99436 1.0
0.99485 1.0
0.99535 1.0
0.99585 1.0
0.99635 1.0
0.99685 1.0
0.99734 1.0
0.99784 1.0
0.99834 1.0
0.99884 1.0
0.99934 1.0
0.99984 1.0
1.00034 1.0
1.00084 1.0
1.00134 1.0
1.00184 1.0
1.00234 1.0
1.00284 1.0
1.00334 1.0
1.00385 1.0
1.00435 1.0
1.00485 1.0
1.00535 1.0
1.00585 1.0
1.00636 1.0
1.00686 1.0
1.00736 1.0
1.00787 1.0
1.00837 1.0
1.00888 1.0
1.00938 1.0
1.00989 1.0
1.01039 1.0
1.01090 1.0
1.01140 1.0
1.01191 1.0
1.01241 1.0
1.01292 1.0
1.01343 1.0
1.01393 1.0
1.01444 1.0
1.01495 1.0
1.01545 1.0
1.01596 1.0
1.01647 1.0
1.01698 1.0
1.01749 1.0
1.01799 1.0
1.01850 1.0
1.01901 1.0
1.01952 1.0
1.02003 1.0
1.02054 1.0
1.02105 1.0
1.02156 1.0
1.02207 1.0
1.02258 1.0
1.02310 1.0
1.02361 1.0
1.02412 1.0
1.02463 1.0
1.02514 1.0
1.02566 1.0
1.02617 1.0
1.02668 1.0
1.02720 1.0
1.02771 1.0
1.02822 1.0
1.02874 1.0
1.02925 1.0
1.02977 1.0
1.03028 1.0
1.03080 1.0
1.03131 1.0
1.03183 1.0
1.03234 1.0
1.03286 1.0
1.03338 1.0
1.03389 1.0
1.03441 1.0
1.03493 1.0
1.03544 1.0
1.03596 1.0
1.03648 1.0
1.03700 1.0
1.03752 1.0
1.03804 1.0
1.03855 1.0
1.03907 1.0
1.03959 1.0
1.04011 1.0
1.04063 1.0
1.04115 1.0
1.04167 1.0
1.04219 1.0
1.04272 1.0
1.04324 1.0
1.04376 1.0
1.04428 1.0
1.04480 1.0
1.04533 1.0
1.04585 1.0
1.04637 1.0
1.04689 1.0
1.04742 1.0
1.04794 1.0
1.04847 1.0
1.04899 1.0
1.04951 1.0
1.05004 1.0
1.05056 1.0
1.05109 1.0
1.05161 1.0
1.05214 1.0
1.05267 1.0
1.05319 1.0
1.05372 1.0
1.05425 1.0
1.05477 1.0
1.05530 1.0
1.05583 1.0
1.05636 1.0
1.05688 1.0
1.05741 1.0
1.05794 1.0
1.05847 1.0
1.05900 1.0
1.05953 1.0
1.06006 1.0
1.06059 1.0
1.06112 1.0
1.06165 1.0
1.06218 1.0
1.06271 1.0
1.06324 1.0
1.06377 1.0
1.06431 1.0
1.06484 1.0
1.06537 1.0
1.06590 1.0
1.06644 1.0
1.06697 1.0
1.06750 1.0
1.06804 1.0
1.06857 1.0
1.06911 1.0
1.06964 1.0
1.07018 1.0
1.07071 1.0
1.07125 1.0
1.07178 1.0
1.07232 1.0
1.07285 1.0
1.07339 1.0
1.07393 1.0
1.07446 1.0
1.07500 1.0
1.07554 1.0
1.07608 1.0
1.07661 1.0
1.07715 1.0
1.07769 1.0
1.07823 1.0
1.07877 1.0
1.07931 1.0
1.07985 1.0
1.08039 1.0
1.08093 1.0
1.08147 1.0
1.08201 1.0
1.08255 1.0
1.08309 1.0
1.08363 1.0
1.08417 1.0
1.08472 1.0
1.08526 1.0
1.08580 1.0
1.08634 1.0
1.08689 1.0
1.08743 1.0
1.08798 1.0
1.08852 1.0
1.08906 1.0
1.08961 1.0
1.09015 1.0
1.09070 1.0
1.09124 1.0
1.09179 1.0
1.09233 1.0
1.09288 1.0
1.09343 1.0
1.09397 1.0
1.09452 1.0
1.09507 1.0
1.09562 1.0
1.09616 1.0
1.09671 1.0
1.09726 1.0
1.09781 1.0
1.09836 1.0
1.09891 1.0
1.09946 1.0
1.10001 1.0
1.10056 1.0
1.10111 1.0
1.10166 1.0
1.10221 1.0
1.10276 1.0
1.10331 1.0
1.10386 1.0
1.10441 1.0
1.10497 1.0
1.10552 1.0
1.10607 1.0
1.10662 1.0
1.10718 1.0
1.10773 1.0
1.10828 1.0
1.10884 1.0
1.10939 1.0
1.10995 1.0
1.11050 1.0
1.11106 1.0
1.11161 1.0
1.11217 1.0
1.11273 1.0
1.11328 1.0
1.11384 1.0
1.11440 1.0
1.11495 1.0
1.11551 1.0
1.11607 1.0
1.11663 1.0
1.11718 1.0
1.11774 1.0
1.11830 1.0
1.11886 1.0
1.11942 1.0
1.11998 1.0
1.12054 1.0
1.12110 1.0
1.12166 1.0
1.12222 1.0
1.12278 1.0
1.12334 1.0
1.12391 1.0
1.12447 1.0
1.12503 1.0
1.12559 1.0
1.12616 1.0
1.12672 1.0
1.12728 1.0
1.12785 1.0
1.12841 1.0
1.12897 1.0
1.12954 1.0
1.13010 1.0
1.13067 1.0
1.13123 1.0
1.13180 1.0
1.13236 1.0
1.13293 1.0
1.13350 1.0
1.13406 1.0
1.13463 1.0
1.13520 1.0
1.13577 1.0
1.13633 1.0
1.13690 1.0
1.13747 1.0
1.13804 1.0
1.13861 1.0
1.13918 1.0
1.13975 1.0
1.14032 1.0
1.14089 1.0
1.14146 1.0
1.14203 1.0
1.14260 1.0
1.14317 1.0
1.14374 1.0
1.14431 1.0
1.14489 1.0
1.14546 1.0
1.14603 1.0
1.14660 1.0
1.14718 1.0
1.14775 1.0
1.14833 1.0
1.14890 1.0
1.14947 1.0
1.15005 1.0
1.15062 1.0
1.15120 1.0
1.15177 1.0
1.15235 1.0
1.15293 1.0
1.15350 1.0
1.15408 1.0
1.15466 1.0
1.15523 1.0
1.15581 1.0
1.15639 1.0
1.15697 1.0
1.15755 1.0
1.15813 1.0
1.15870 1.0
1.15928 1.0
1.15986 1.0
1.16044 1.0
1.16102 1.0
1.16160 1.0
1.16218 1.0
1.16277 1.0
1.16335 1.0
1.16393 1.0
1.16451 1.0
1.16509 1.0
1.16568 1.0
1.16626 1.0
1.16684 1.0
1.16743 1.0
1.16801 1.0
1.16859 1.0
1.16918 1.0
1.16976 1.0
1.17035 1.0
1.17093 1.0
1.17152 1.0
1.17210 1.0
1.17269 1.0
1.17328 1.0
1.17386 1.0
1.17445 1.0
1.17504 1.0
1.17562 1.0
1.17621 1.0
1.17680 1.0
1.17739 1.0
1.17798 1.0
1.17857 1.0
1.17916 1.0
1.17974 1.0
1.18033 1.0
1.18092 1.0
1.18152 1.0
1.18211 1.0
1.18270 1.0
1.18329 1.0
1.18388 1.0
1.18447 1.0
1.18506 1.0
1.18566 1.0
1.18625 1.0
1.18684 1.0
1.18744 1.0
1.18803 1.0
1.18862 1.0
1.18922 1.0
1.18981 1.0
1.19041 1.0
1.19100 1.0
1.19160 1.0
1.19219 1.0
1.19279 1.0
1.19339 1.0
1.19398 1.0
1.19458 1.0
1.19518 1.0
1.19578 1.0
1.19637 1.0
1.19697 1.0
1.19757 1.0
1.19817 1.0
1.19877 1.0
1.19937 1.0
1.19997 1.0
1.20057 1.0
1.20117 1.0
1.20177 1.0
1.20237 1.0
1.20297 1.0
1.20357 1.0
1.20417 1.0
1.20477 1.0
1.20538 1.0
1.20598 1.0
1.20658 1.0
1.20719 1.0
1.20779 1.0
1.20839 1.0
1.20900 1.0
1.20960 1.0
1.21021 1.0
1.21081 1.0
1.21142 1.0
1.21202 1.0
1.21263 1.0
1.21324 1.0
1.21384 1.0
1.21445 1.0
1.21506 1.0
1.21566 1.0
1.21627 1.0
1.21688 1.0
1.21749 1.0
1.21810 1.0
1.21871 1.0
1.21932 1.0
1.21993 1.0
1.22054 1.0
1.22115 1.0
1.22176 1.0
1.22237 1.0
1.22298 1.0
1.22359 1.0
1.22420 1.0
1.22481 1.0
1.22543 1.0
1.22604 1.0
1.22665 1.0
1.22726 1.0
1.22788 1.0
1.22849 1.0
1.22911 1.0
1.22972 1.0
1.23034 1.0
1.23095 1.0
1.23157 1.0
1.23218 1.0
1.23280 1.0
1.23342 1.0
1.23403 1.0
1.23465 1.0
1.23527 1.0
1.23588 1.0
1.23650 1.0
1.23712 1.0
1.23774 1.0
1.23836 1.0
1.23898 1.0
1.23960 1.0
1.24022 1.0
1.24084 1.0
1.24146 1.0
1.24208 1.0
1.24270 1.0
1.24332 1.0
1.24394 1.0
1.24456 1.0
1.24519 1.0
1.24581 1.0
1.24643 1.0
1.24705 1.0
1.24768 1.0
1.24830 1.0
1.24893 1.0
1.24955 1.0
1.25017 1.0
1.25080 1.0
1.25143 1.0
1.25205 1.0
1.25268 1.0
1.25330 1.0
1.25393 1.0
1.25456 1.0
1.25518 1.0
1.25581 1.0
1.25644 1.0
1.25707 1.0
1.25770 1.0
1.25833 1.0
1.25895 1.0
1.25958 1.0
1.26021 1.0
1.26084 1.0
1.26147 1.0
1.26211 1.0
1.26274 1.0
1.26337 1.0
1.26400 1.0
1.26463 1.0
1.26526 1.0
1.26590 1.0
1.26653 1.0
1.26716 1.0
1.26780 1.0
1.26843 1.0
1.26906 1.0
1.26970 1.0
1.27033 1.0
1.27097 1.0
1.27160 1.0
1.27224 1.0
1.27288 1.0
1.27351 1.0
1.27415 1.0
1.27479 1.0
1.27542 1.0
1.27606 1.0
1.27670 1.0
1.27734 1.0
1.27798 1.0
1.27862 1.0
1.27925 1.0
1.27989 1.0
1.28053 1.0
1.28117 1.0
1.28182 1.0
1.28246 1.0
1.28310 1.0
1.28374 1.0
1.28438 1.0
1.28502 1.0
1.28567 1.0
1.28631 1.0
1.28695 1.0
1.28759 1.0
1.28824 1.0
1.28888 1.0
1.28953 1.0
1.29017 1.0
1.29082 1.0
1.29146 1.0
1.29211 1.0
1.29275 1.0
1.29340 1.0
1.29405 1.0
1.29469 1.0
1.29534 1.0
1.29599 1.0
1.29664 1.0
1.29729 1.0
1.29793 1.0
1.29858 1.0
1.29923 1.0
1.29988 1.0
1.30053 1.0
1.30118 1.0
1.30183 1.0
1.30248 1.0
1.30314 1.0
1.30379 1.0
1.30444 1.0
1.30509 1.0
1.30574 1.0
1.30640 1.0
1.30705 1.0
1.30770 1.0
1.30836 1.0
1.30901 1.0
1.30967 1.0
1.31032 1.0
1.31098 1.0
1.31163 1.0
1.31229 1.0
1.31294 1.0
1.31360 1.0
1.31426 1.0
1.31491 1.0
1.31557 1.0
1.31623 1.0
1.31689 1.0
1.31755 1.0
1.31820 1.0
1.31886 1.0
1.31952 1.0
1.32018 1.0
1.32084 1.0
1.32150 1.0
1.32216 1.0
1.32282 1.0
1.32349 1.0
1.32415 1.0
1.32481 1.0
1.32547 1.0
1.32614 1.0
1.32680 1.0
1.32746 1.0
1.32813 1.0
1.32879 1.0
1.32945 1.0
1.33012 1.0
1.33078 1.0
1.33145 1.0
1.33211 1.0
1.33278 1.0
1.33345 1.0
1.33411 1.0
1.33478 1.0
1.33545 1.0
1.33612 1.0
1.33678 1.0
1.33745 1.0
1.33812 1.0
1.33879 1.0
1.33946 1.0
1.34013 1.0
1.34080 1.0
1.34147 1.0
1.34214 1.0
1.34281 1.0
1.34348 1.0
1.34415 1.0
1.34483 1.0
1.34550 1.0
1.34617 1.0
1.34685 1.0
1.34752 1.0
1.34819 1.0
1.34887 1.0
1.34954 1.0
1.35022 1.0
1.35089 1.0
1.35157 1.0
1.35224 1.0
1.35292 1.0
1.35359 1.0
1.35427 1.0
1.35495 1.0
1.35563 1.0
1.35630 1.0
1.35698 1.0
1.35766 1.0
1.35834 1.0
1.35902 1.0
1.35970 1.0
1.36038 1.0
1.36106 1.0
1.36174 1.0
1.36242 1.0
1.36310 1.0
1.36378 1.0
1.36446 1.0
1.36515 1.0
1.36583 1.0
1.36651 1.0
1.36719 1.0
1.36788 1.0
1.36856 1.0
1.36925 1.0
1.36993 1.0
1.37062 1.0
1.37130 1.0
1.37199 1.0
1.37267 1.0
1.37336 1.0
1.37405 1.0
1.37473 1.0
1.37542 1.0
1.37611 1.0
1.37680 1.0
1.37748 1.0
1.37817 1.0
1.37886 1.0
1.37955 1.0
1.38024 1.0
1.38093 1.0
1.38162 1.0
1.38231 1.0
1.38300 1.0
1.38370 1.0
1.38439 1.0
1.38508 1.0
1.38577 1.0
1.38647 1.0
1.38716 1.0
1.38785 1.0
1.38855 1.0
1.38924 1.0
1.38994 1.0
1.39063 1.0
1.39133 1.0
1.39202 1.0
1.39272 1.0
1.39341 1.0
1.39411 1.0
1.39481 1.0
1.39550 1.0
1.39620 1.0
1.39690 1.0
1.39760 1.0
1.39830 1.0
1.39900 1.0
1.39970 1.0
1.40040 1.0
1.40110 1.0
1.40180 1.0
1.40250 1.0
1.40320 1.0
1.40390 1.0
1.40460 1.0
1.40530 1.0
1.40601 1.0
1.40671 1.0
1.40741 1.0
1.40812 1.0
1.40882 1.0
1.40953 1.0
1.41023 1.0
1.41094 1.0
1.41164 1.0
1.41235 1.0
1.41305 1.0
1.41376 1.0
1.41447 1.0
1.41517 1.0
1.41588 1.0
1.41659 1.0
1.41730 1.0
1.41801 1.0
1.41872 1.0
1.41942 1.0
1.42013 1.0
1.42084 1.0
1.42156 1.0
1.42227 1.0
1.42298 1.0
1.42369 1.0
1.42440 1.0
1.42511 1.0
1.42583 1.0
1.42654 1.0
1.42725 1.0
1.42796 1.0
1.42868 1.0
1.42939 1.0
1.43011 1.0
1.43082 1.0
1.43154 1.0
1.43225 1.0
1.43297 1.0
1.43369 1.0
1.43440 1.0
1.43512 1.0
1.43584 1.0
1.43656 1.0
1.43727 1.0
1.43799 1.0
1.43871 1.0
1.43943 1.0
1.44015 1.0
1.44087 1.0
1.44159 1.0
1.44231 1.0
1.44303 1.0
1.44376 1.0
1.44448 1.0
1.44520 1.0
1.44592 1.0
1.44664 1.0
1.44737 1.0
1.44809 1.0
1.44882 1.0
1.44954 1.0
1.45027 1.0
1.45099 1.0
1.45172 1.0
1.45244 1.0
1.45317 1.0
1.45389 1.0
1.45462 1.0
1.45535 1.0
1.45608 1.0
1.45680 1.0
1.45753 1.0
1.45826 1.0
1.45899 1.0
1.45972 1.0
1.46045 1.0
1.46118 1.0
1.46191 1.0
1.46264 1.0
1.46337 1.0
1.46410 1.0
1.46484 1.0
1.46557 1.0
1.46630 1.0
1.46704 1.0
1.46777 1.0
1.46850 1.0
1.46924 1.0
1.46997 1.0
1.47071 1.0
1.47144 1.0
1.47218 1.0
1.47291 1.0
1.47365 1.0
1.47439 1.0
1.47512 1.0
1.47586 1.0
1.47660 1.0
1.47734 1.0
1.47808 1.0
1.47882 1.0
1.47956 1.0
1.48029 1.0
1.48103 1.0
1.48178 1.0
1.48252 1.0
1.48326 1.0
1.48400 1.0
1.48474 1.0
1.48548 1.0
1.48623 1.0
1.48697 1.0
1.48771 1.0
1.48846 1.0
1.48920 1.0
1.48995 1.0
1.49069 1.0
1.49144 1.0
1.49218 1.0
1.49293 1.0
1.49367 1.0
1.49442 1.0
1.49517 1.0
1.49592 1.0
1.49666 1.0
1.49741 1.0
1.49816 1.0
1.49891 1.0
1.49966 1.0
1.50041 1.0
1.50116 1.0
1.50191 1.0
1.50266 1.0
1.50341 1.0
1.50416 1.0
1.50492 1.0
1.50567 1.0
1.50642 1.0
1.50717 1.0
1.50793 1.0
1.50868 1.0
1.50944 1.0
1.51019 1.0
1.51095 1.0
1.51170 1.0
1.51246 1.0
1.51321 1.0
1.51397 1.0
1.51473 1.0
1.51548 1.0
1.51624 1.0
1.51700 1.0
1.51776 1.0
1.51852 1.0
1.51928 1.0
1.52004 1.0
1.52080 1.0
1.52156 1.0
1.52232 1.0
1.52308 1.0
1.52384 1.0
1.52460 1.0
1.52537 1.0
1.52613 1.0
1.52689 1.0
1.52765 1.0
1.52842 1.0
1.52918 1.0
1.52995 1.0
1.53071 1.0
1.53148 1.0
1.53224 1.0
1.53301 1.0
1.53378 1.0
1.53454 1.0
1.53531 1.0
1.53608 1.0
1.53685 1.0
1.53761 1.0
1.53838 1.0
1.53915 1.0
1.53992 1.0
1.54069 1.0
1.54146 1.0
1.54223 1.0
1.54300 1.0
1.54378 1.0
1.54455 1.0
1.54532 1.0
1.54609 1.0
1.54686 1.0
1.54764 1.0
1.54841 1.0
1.54919 1.0
1.54996 1.0
1.55074 1.0
1.55151 1.0
1.55229 1.0
1.55306 1.0
1.55384 1.0
1.55462 1.0
1.55539 1.0
1.55617 1.0
1.55695 1.0
1.55773 1.0
1.55851 1.0
1.55929 1.0
1.56007 1.0
1.56085 1.0
1.56163 1.0
1.56241 1.0
1.56319 1.0
1.56397 1.0
1.56475 1.0
1.56553 1.0
1.56632 1.0
1.56710 1.0
1.56788 1.0
1.56867 1.0
1.56945 1.0
1.57024 1.0
1.57102 1.0
1.57181 1.0
1.57259 1.0
1.57338 1.0
1.57417 1.0
1.57495 1.0
1.57574 1.0
1.57653 1.0
1.57732 1.0
1.57811 1.0
1.57889 1.0
1.57968 1.0
1.58047 1.0
1.58126 1.0
1.58206 1.0
1.58285 1.0
1.58364 1.0
1.58443 1.0
1.58522 1.0
1.58601 1.0
1.58681 1.0
1.58760 1.0
1.58839 1.0
1.58919 1.0
1.58998 1.0
1.59078 1.0
1.59157 1.0
1.59237 1.0
1.59317 1.0
1.59396 1.0
1.59476 1.0
1.59556 1.0
1.59635 1.0
1.59715 1.0
1.59795 1.0
1.59875 1.0
1.59955 1.0
1.60035 1.0
1.60115 1.0
1.60195 1.0
1.60275 1.0
1.60355 1.0
1.60435 1.0
1.60516 1.0
1.60596 1.0
1.60676 1.0
1.60757 1.0
1.60837 1.0
1.60917 1.0
1.60998 1.0
1.61078 1.0
1.61159 1.0
1.61239 1.0
1.61320 1.0
1.61401 1.0
1.61481 1.0
1.61562 1.0
1.61643 1.0
1.61724 1.0
1.61805 1.0
1.61885 1.0
1.61966 1.0
1.62047 1.0
1.62128 1.0
1.62209 1.0
1.62291 1.0
1.62372 1.0
1.62453 1.0
1.62534 1.0
1.62615 1.0
1.62697 1.0
1.62778 1.0
1.62859 1.0
1.62941 1.0
1.63022 1.0
1.63104 1.0
1.63185 1.0
1.63267 1.0
1.63349 1.0
1.63430 1.0
1.63512 1.0
1.63594 1.0
1.63676 1.0
1.63757 1.0
1.63839 1.0
1.63921 1.0
1.64003 1.0
1.64085 1.0
1.64167 1.0
1.64249 1.0
1.64331 1.0
1.64414 1.0
1.64496 1.0
1.64578 1.0
1.64660 1.0
1.64743 1.0
1.64825 1.0
1.64907 1.0
1.64990 1.0
1.65072 1.0
1.65155 1.0
1.65238 1.0
1.65320 1.0
1.65403 1.0
1.65485 1.0
1.65568 1.0
1.65651 1.0
1.65734 1.0
1.65817 1.0
1.65900 1.0
1.65983 1.0
1.66066 1.0
1.66149 1.0
1.66232 1.0
1.66315 1.0
1.66398 1.0
1.66481 1.0
1.66564 1.0
1.66648 1.0
1.66731 1.0
1.66814 1.0
1.66898 1.0
1.66981 1.0
1.67065 1.0
1.67148 1.0
1.67232 1.0
1.67315 1.0
1.67399 1.0
1.67483 1.0
1.67567 1.0
1.67650 1.0
1.67734 1.0
1.67818 1.0
1.67902 1.0
1.67986 1.0
1.68070 1.0
1.68154 1.0
1.68238 1.0
1.68322 1.0
1.68406 1.0
1.68490 1.0
1.68575 1.0
1.68659 1.0
1.68743 1.0
1.68828 1.0
1.68912 1.0
1.68997 1.0
1.69081 1.0
1.69166 1.0
1.69250 1.0
1.69335 1.0
1.69419 1.0
1.69504 1.0
1.69589 1.0
1.69674 1.0
1.69759 1.0
1.69843 1.0
1.69928 1.0
1.70013 1.0
1.70098 1.0
1.70183 1.0
1.70268 1.0
1.70354 1.0
1.70439 1.0
1.70524 1.0
1.70609 1.0
1.70695 1.0
1.70780 1.0
1.70865 1.0
1.70951 1.0
1.71036 1.0
1.71122 1.0
1.71207 1.0
1.71293 1.0
1.71379 1.0
1.71464 1.0
1.71550 1.0
1.71636 1.0
1.71722 1.0
1.71807 1.0
1.71893 1.0
1.71979 1.0
1.72065 1.0
1.72151 1.0
1.72237 1.0
1.72323 1.0
1.72410 1.0
1.72496 1.0
1.72582 1.0
1.72668 1.0
1.72755 1.0
1.72841 1.0
1.72928 1.0
1.73014 1.0
1.73100 1.0
1.73187 1.0
1.73274 1.0
1.73360 1.0
1.73447 1.0
1.73534 1.0
1.73620 1.0
1.73707 1.0
1.73794 1.0
1.73881 1.0
1.73968 1.0
1.74055 1.0
1.74142 1.0
1.74229 1.0
1.74316 1.0
1.74403 1.0
1.74491 1.0
1.74578 1.0
1.74665 1.0
1.74752 1.0
1.74840 1.0
1.74927 1.0
1.75015 1.0
1.75102 1.0
1.75190 1.0
1.75277 1.0
1.75365 1.0
1.75453 1.0
1.75540 1.0
1.75628 1.0
1.75716 1.0
1.75804 1.0
1.75892 1.0
1.75980 1.0
1.76068 1.0
1.76156 1.0
1.76244 1.0
1.76332 1.0
1.76420 1.0
1.76508 1.0
1.76596 1.0
1.76685 1.0
1.76773 1.0
1.76862 1.0
1.76950 1.0
1.77038 1.0
1.77127 1.0
1.77215 1.0
1.77304 1.0
1.77393 1.0
1.77481 1.0
1.77570 1.0
1.77659 1.0
1.77748 1.0
1.77837 1.0
1.77926 1.0
1.78015 1.0
1.78104 1.0
1.78193 1.0
1.78282 1.0
1.78371 1.0
1.78460 1.0
1.78549 1.0
1.78639 1.0
1.78728 1.0
1.78817 1.0
1.78907 1.0
1.78996 1.0
1.79086 1.0
1.79175 1.0
1.79265 1.0
1.79354 1.0
1.79444 1.0
1.79534 1.0
1.79624 1.0
1.79713 1.0
1.79803 1.0
1.79893 1.0
1.79983 1.0
1.80073 1.0
1.80163 1.0
1.80253 1.0
1.80343 1.0
1.80433 1.0
1.80524 1.0
1.80614 1.0
1.80704 1.0
1.80795 1.0
1.80885 1.0
1.80975 1.0
1.81066 1.0
1.81156 1.0
1.81247 1.0
1.81338 1.0
1.81428 1.0
1.81519 1.0
1.81610 1.0
1.81701 1.0
1.81791 1.0
1.81882 1.0
1.81973 1.0
1.82064 1.0
1.82155 1.0
1.82246 1.0
1.82337 1.0
1.82429 1.0
1.82520 1.0
1.82611 1.0
1.82702 1.0
1.82794 1.0
1.82885 1.0
1.82977 1.0
1.83068 1.0
1.83160 1.0
1.83251 1.0
1.83343 1.0
1.83435 1.0
1.83526 1.0
1.83618 1.0
1.83710 1.0
1.83802 1.0
1.83894 1.0
1.83986 1.0
1.84078 1.0
1.84170 1.0
1.84262 1.0
1.84354 1.0
1.84446 1.0
1.84538 1.0
1.84630 1.0
1.84723 1.0
1.84815 1.0
1.84908 1.0
1.85000 1.0
1.85092 1.0
1.85185 1.0
1.85278 1.0
1.85370 1.0
1.85463 1.0
1.85556 1.0
1.85648 1.0
1.85741 1.0
1.85834 1.0
1.85927 1.0
1.86020 1.0
1.86113 1.0
1.86206 1.0
1.86299 1.0
1.86392 1.0
1.86486 1.0
1.86579 1.0
1.86672 1.0
1.86765 1.0
1.86859 1.0
1.86952 1.0
1.87046 1.0
1.87139 1.0
1.87233 1.0
1.87326 1.0
1.87420 1.0
1.87514 1.0
1.87608 1.0
1.87701 1.0
1.87795 1.0
1.87889 1.0
1.87983 1.0
1.88077 1.0
1.88171 1.0
1.88265 1.0
1.88359 1.0
1.88453 1.0
1.88548 1.0
1.88642 1.0
1.88736 1.0
1.88831 1.0
1.88925 1.0
1.89020 1.0
1.89114 1.0
1.89209 1.0
1.89303 1.0
1.89398 1.0
1.89493 1.0
1.89587 1.0
1.89682 1.0
1.89777 1.0
1.89872 1.0
1.89967 1.0
1.90062 1.0
1.90157 1.0
1.90252 1.0
1.90347 1.0
1.90442 1.0
1.90537 1.0
1.90633 1.0
1.90728 1.0
1.90823 1.0
1.90919 1.0
1.91014 1.0
1.91110 1.0
1.91205 1.0
1.91301 1.0
1.91397 1.0
1.91492 1.0
1.91588 1.0
1.91684 1.0
1.91780 1.0
1.91875 1.0
1.91971 1.0
1.92067 1.0
1.92163 1.0
1.92260 1.0
1.92356 1.0
1.92452 1.0
1.92548 1.0
1.92644 1.0
1.92741 1.0
1.92837 1.0
1.92933 1.0
1.93030 1.0
1.93126 1.0
1.93223 1.0
1.93320 1.0
1.93416 1.0
1.93513 1.0
1.93610 1.0
1.93707 1.0
1.93803 1.0
1.93900 1.0
1.93997 1.0
1.94094 1.0
1.94191 1.0
1.94288 1.0
1.94386 1.0
1.94483 1.0
1.94580 1.0
1.94677 1.0
1.94775 1.0
1.94872 1.0
1.94969 1.0
1.95067 1.0
1.95164 1.0
1.95262 1.0
1.95360 1.0
1.95457 1.0
1.95555 1.0
1.95653 1.0
1.95751 1.0
1.95849 1.0
1.95946 1.0
1.96044 1.0
1.96142 1.0
1.96241 1.0
1.96339 1.0
1.96437 1.0
1.96535 1.0
1.96633 1.0
1.96732 1.0
1.96830 1.0
1.96928 1.0
1.97027 1.0
1.97125 1.0
1.97224 1.0
1.97323 1.0
1.97421 1.0
1.97520 1.0
1.97619 1.0
1.97717 1.0
1.97816 1.0
1.97915 1.0
1.98014 1.0
1.98113 1.0
1.98212 1.0
1.98311 1.0
1.98411 1.0
1.98510 1.0
1.98609 1.0
1.98708 1.0
1.98808 1.0
1.98907 1.0
1.99006 1.0
1.99106 1.0
1.99206 1.0
1.99305 1.0
1.99405 1.0
1.99505 1.0
1.99604 1.0
1.99704 1.0
1.99804 1.0
1.99904 1.0
2.00004 1.0
2.00104 1.0
2.00204 1.0
2.00304 1.0
2.00404 1.0
2.00504 1.0
2.00605 1.0
2.00705 1.0
2.00805 1.0
2.00906 1.0
2.01006 1.0
2.01107 1.0
2.01207 1.0
2.01308 1.0
2.01408 1.0
2.01509 1.0
2.01610 1.0
2.01711 1.0
2.01811 1.0
2.01912 1.0
2.02013 1.0
2.02114 1.0
2.02215 1.0
2.02317 1.0
2.02418 1.0
2.02519 1.0
2.02620 1.0
2.02721 1.0
2.02823 1.0
2.02924 1.0
2.03026 1.0
2.03127 1.0
2.03229 1.0
2.03330 1.0
2.03432 1.0
2.03534 1.0
2.03636 1.0
2.03737 1.0
2.03839 1.0
2.03941 1.0
2.04043 1.0
2.04145 1.0
2.04247 1.0
2.04349 1.0
2.04451 1.0
2.04554 1.0
2.04656 1.0
2.04758 1.0
2.04861 1.0
2.04963 1.0
2.05066 1.0
2.05168 1.0
2.05271 1.0
2.05373 1.0
2.05476 1.0
2.05579 1.0
2.05682 1.0
2.05784 1.0
2.05887 1.0
2.05990 1.0
2.06093 1.0
2.06196 1.0
2.06299 1.0
2.06403 1.0
2.06506 1.0
2.06609 1.0
2.06712 1.0
2.06816 1.0
2.06919 1.0
2.07023 1.0
2.07126 1.0
2.07230 1.0
2.07333 1.0
2.07437 1.0
2.07541 1.0
2.07644 1.0
2.07748 1.0
2.07852 1.0
2.07956 1.0
2.08060 1.0
2.08164 1.0
2.08268 1.0
2.08372 1.0
2.08476 1.0
2.08581 1.0
2.08685 1.0
2.08789 1.0
2.08894 1.0
2.08998 1.0
2.09103 1.0
2.09207 1.0
2.09312 1.0
2.09416 1.0
2.09521 1.0
2.09626 1.0
2.09731 1.0
2.09836 1.0
2.09940 1.0
2.10045 1.0
2.10150 1.0
2.10256 1.0
2.10361 1.0
2.10466 1.0
2.10571 1.0
2.10676 1.0
2.10782 1.0
2.10887 1.0
2.10993 1.0
2.11098 1.0
2.11204 1.0
2.11309 1.0
2.11415 1.0
2.11521 1.0
2.11626 1.0
2.11732 1.0
2.11838 1.0
2.11944 1.0
2.12050 1.0
2.12156 1.0
2.12262 1.0
2.12368 1.0
2.12474 1.0
2.12581 1.0
2.12687 1.0
2.12793 1.0
2.12900 1.0
2.13006 1.0
2.13113 1.0
2.13219 1.0
2.13326 1.0
2.13432 1.0
2.13539 1.0
2.13646 1.0
2.13753 1.0
2.13860 1.0
2.13966 1.0
2.14073 1.0
2.14180 1.0
2.14288 1.0
2.14395 1.0
2.14502 1.0
2.14609 1.0
2.14716 1.0
2.14824 1.0
2.14931 1.0
2.15039 1.0
2.15146 1.0
2.15254 1.0
2.15361 1.0
2.15469 1.0
2.15577 1.0
2.15685 1.0
2.15792 1.0
2.15900 1.0
2.16008 1.0
2.16116 1.0
2.16224 1.0
2.16333 1.0
2.16441 1.0
2.16549 1.0
2.16657 1.0
2.16765 1.0
2.16874 1.0
2.16982 1.0
2.17091 1.0
2.17199 1.0
2.17308 1.0
2.17417 1.0
2.17525 1.0
2.17634 1.0
2.17743 1.0
2.17852 1.0
2.17961 1.0
2.18070 1.0
2.18179 1.0
2.18288 1.0
2.18397 1.0
2.18506 1.0
2.18615 1.0
2.18725 1.0
2.18834 1.0
2.18943 1.0
2.19053 1.0
2.19162 1.0
2.19272 1.0
2.19382 1.0
2.19491 1.0
2.19601 1.0
2.19711 1.0
2.19821 1.0
2.19931 1.0
2.20041 1.0
2.20151 1.0
2.20261 1.0
2.20371 1.0
2.20481 1.0
2.20591 1.0
2.20702 1.0
2.20812 1.0
2.20922 1.0
2.21033 1.0
2.21143 1.0
2.21254 1.0
2.21365 1.0
2.21475 1.0
2.21586 1.0
2.21697 1.0
2.21808 1.0
2.21919 1.0
2.22029 1.0
2.22140 1.0
2.22252 1.0
2.22363 1.0
2.22474 1.0
2.22585 1.0
2.22696 1.0
2.22808 1.0
2.22919 1.0
2.23031 1.0
2.23142 1.0
2.23254 1.0
2.23365 1.0
2.23477 1.0
2.23589 1.0
2.23701 1.0
2.23812 1.0
2.23924 1.0
2.24036 1.0
2.24148 1.0
2.24260 1.0
2.24372 1.0
2.24485 1.0
2.24597 1.0
2.24709 1.0
2.24822 1.0
2.24934 1.0
2.25046 1.0
2.25159 1.0
2.25272 1.0
2.25384 1.0
2.25497 1.0
2.25610 1.0
2.25722 1.0
2.25835 1.0
2.25948 1.0
2.26061 1.0
2.26174 1.0
2.26287 1.0
2.26400 1.0
2.26514 1.0
2.26627 1.0
2.26740 1.0
2.26854 1.0
2.26967 1.0
2.27080 1.0
2.27194 1.0
2.27308 1.0
2.27421 1.0
2.27535 1.0
2.27649 1.0
2.27763 1.0
2.27876 1.0
2.27990 1.0
2.28104 1.0
2.28218 1.0
2.28333 1.0
2.28447 1.0
2.28561 1.0
2.28675 1.0
2.28790 1.0
2.28904 1.0
2.29018 1.0
2.29133 1.0
2.29247 1.0
2.29362 1.0
2.29477 1.0
2.29592 1.0
2.29706 1.0
2.29821 1.0
2.29936 1.0
2.30051 1.0
2.30166 1.0
2.30281 1.0
2.30396 1.0
2.30511 1.0
2.30627 1.0
2.30742 1.0
2.30857 1.0
2.30973 1.0
2.31088 1.0
2.31204 1.0
2.31319 1.0
2.31435 1.0
2.31551 1.0
2.31667 1.0
2.31782 1.0
2.31898 1.0
2.32014 1.0
2.32130 1.0
2.32246 1.0
2.32363 1.0
2.32479 1.0
2.32595 1.0
2.32711 1.0
2.32828 1.0
2.32944 1.0
2.33060 1.0
2.33177 1.0
2.33294 1.0
2.33410 1.0
2.33527 1.0
2.33644 1.0
2.33761 1.0
2.33877 1.0
2.33994 1.0
2.34111 1.0
2.34228 1.0
2.34346 1.0
2.34463 1.0
2.34580 1.0
2.34697 1.0
2.34815 1.0
2.34932 1.0
2.35049 1.0
2.35167 1.0
2.35285 1.0
2.35402 1.0
2.35520 1.0
2.35638 1.0
2.35755 1.0
2.35873 1.0
2.35991 1.0
2.36109 1.0
2.36227 1.0
2.36345 1.0
2.36464 1.0
2.36582 1.0
2.36700 1.0
2.36818 1.0
2.36937 1.0
2.37055 1.0
2.37174 1.0
2.37292 1.0
2.37411 1.0
2.37530 1.0
2.37649 1.0
2.37767 1.0
2.37886 1.0
2.38005 1.0
2.38124 1.0
2.38243 1.0
2.38362 1.0
2.38482 1.0
2.38601 1.0
2.38720 1.0
2.38840 1.0
2.38959 1.0
2.39078 1.0
2.39198 1.0
2.39318 1.0
2.39437 1.0
2.39557 1.0
2.39677 1.0
2.39797 1.0
2.39916 1.0
2.40036 1.0
2.40156 1.0
2.40277 1.0
2.40397 1.0
2.40517 1.0
2.40637 1.0
2.40757 1.0
2.40878 1.0
2.40998 1.0
2.41119 1.0
2.41239 1.0
2.41360 1.0
2.41481 1.0
2.41601 1.0
2.41722 1.0
2.41843 1.0
2.41964 1.0
2.42085 1.0
2.42206 1.0
2.42327 1.0
2.42448 1.0
2.42569 1.0
2.42691 1.0
2.42812 1.0
2.42933 1.0
2.43055 1.0
2.43176 1.0
2.43298 1.0
2.43420 1.0
2.43541 1.0
2.43663 1.0
2.43785 1.0
2.43907 1.0
2.44029 1.0
2.44151 1.0
2.44273 1.0
2.44395 1.0
2.44517 1.0
2.44640 1.0
2.44762 1.0
2.44884 1.0
2.45007 1.0
2.45129 1.0
2.45252 1.0
2.45374 1.0
2.45497 1.0
2.45620 1.0
2.45743 1.0
2.45865 1.0
2.45988 1.0
2.46111 1.0
2.46234 1.0
2.46358 1.0
2.46481 1.0
2.46604 1.0
2.46727 1.0
2.46851 1.0
2.46974 1.0
2.47098 1.0
2.47221 1.0
2.47345 1.0
2.47468 1.0
2.47592 1.0
2.47716 1.0
2.47840 1.0
2.47964 1.0
2.48088 1.0
2.48212 1.0
2.48336 1.0
2.48460 1.0
2.48584 1.0
2.48709 1.0
2.48833 1.0
2.48957 1.0
2.49082 1.0
2.49206 1.0
2.49331 1.0
2.49456 1.0
2.49580 1.0
2.49705 1.0
2.49830 1.0
2.49955 1.0
2.50080 1.0
2.50205 1.0
2.50330 1.0
2.50455 1.0
2.50580 1.0
2.50706 1.0
2.50831 1.0
2.50956 1.0
2.51082 1.0
2.51207 1.0
2.51333 1.0
2.51459 1.0
2.51584 1.0
2.51710 1.0
2.51836 1.0
2.51962 1.0
2.52088 1.0
2.52214 1.0
2.52340 1.0
2.52466 1.0
2.52593 1.0
2.52719 1.0
2.52845 1.0
2.52972 1.0
2.53098 1.0
2.53225 1.0
2.53351 1.0
2.53478 1.0
2.53605 1.0
2.53732 1.0
2.53858 1.0
2.53985 1.0
2.54112 1.0
2.54239 1.0
2.54366 1.0
2.54494 1.0
2.54621 1.0
2.54748 1.0
2.54876 1.0
2.55003 1.0
2.55131 1.0
2.55258 1.0
2.55386 1.0
2.55513 1.0
2.55641 1.0
2.55769 1.0
2.55897 1.0
2.56025 1.0
2.56153 1.0
2.56281 1.0
2.56409 1.0
2.56537 1.0
2.56666 1.0
2.56794 1.0
2.56922 1.0
2.57051 1.0
2.57179 1.0
2.57308 1.0
2.57437 1.0
2.57565 1.0
2.57694 1.0
2.57823 1.0
2.57952 1.0
2.58081 1.0
2.58210 1.0
2.58339 1.0
2.58468 1.0
2.58597 1.0
2.58727 1.0
2.58856 1.0
2.58985 1.0
2.59115 1.0
2.59244 1.0
2.59374 1.0
2.59504 1.0
2.59633 1.0
2.59763 1.0
2.59893 1.0
2.60023 1.0
2.60153 1.0
2.60283 1.0
2.60413 1.0
2.60544 1.0
2.60674 1.0
2.60804 1.0
2.60935 1.0
2.61065 1.0
2.61196 1.0
2.61326 1.0
2.61457 1.0
2.61588 1.0
2.61718 1.0
2.61849 1.0
2.61980 1.0
2.62111 1.0
2.62242 1.0
2.62373 1.0
2.62505 1.0
2.62636 1.0
2.62767 1.0
2.62898 1.0
2.63030 1.0
2.63161 1.0
2.63293 1.0
2.63425 1.0
2.63556 1.0
2.63688 1.0
2.63820 1.0
2.63952 1.0
2.64084 1.0
2.64216 1.0
2.64348 1.0
2.64480 1.0
2.64612 1.0
2.64745 1.0
2.64877 1.0
2.65010 1.0
2.65142 1.0
2.65275 1.0
2.65407 1.0
2.65540 1.0
2.65673 1.0
2.65806 1.0
2.65938 1.0
2.66071 1.0
2.66204 1.0
2.66338 1.0
2.66471 1.0
2.66604 1.0
2.66737 1.0
2.66871 1.0
2.67004 1.0
2.67138 1.0
2.67271 1.0
2.67405 1.0
2.67539 1.0
2.67672 1.0
2.67806 1.0
2.67940 1.0
2.68074 1.0
2.68208 1.0
2.68342 1.0
2.68476 1.0
2.68611 1.0
2.68745 1.0
2.68879 1.0
2.69014 1.0
2.69148 1.0
2.69283 1.0
2.69417 1.0
2.69552 1.0
2.69687 1.0
2.69822 1.0
2.69957 1.0
2.70092 1.0
2.70227 1.0
2.70362 1.0
2.70497 1.0
2.70632 1.0
2.70767 1.0
2.70903 1.0
2.71038 1.0
2.71174 1.0
2.71309 1.0
2.71445 1.0
2.71581 1.0
2.71717 1.0
2.71852 1.0
2.71988 1.0
2.72124 1.0
2.72260 1.0
2.72397 1.0
2.72533 1.0
2.72669 1.0
2.72805 1.0
2.72942 1.0
2.73078 1.0
2.73215 1.0
2.73351 1.0
2.73488 1.0
2.73625 1.0
2.73762 1.0
2.73899 1.0
2.74035 1.0
2.74172 1.0
2.74310 1.0
2.74447 1.0
2.74584 1.0
2.74721 1.0
2.74859 1.0
2.74996 1.0
2.75134 1.0
2.75271 1.0
2.75409 1.0
2.75546 1.0
2.75684 1.0
2.75822 1.0
2.75960 1.0
2.76098 1.0
2.76236 1.0
2.76374 1.0
2.76512 1.0
2.76651 1.0
2.76789 1.0
2.76927 1.0
2.77066 1.0
2.77204 1.0
2.77343 1.0
2.77482 1.0
2.77620 1.0
2.77759 1.0
2.77898 1.0
2.78037 1.0
2.78176 1.0
2.78315 1.0
2.78454 1.0
2.78593 1.0
2.78733 1.0
2.78872 1.0
2.79011 1.0
2.79151 1.0
2.79291 1.0
2.79430 1.0
2.79570 1.0
2.79710 1.0
2.79850 1.0
2.79990 1.0
2.80129 1.0
2.80270 1.0
2.80410 1.0
2.80550 1.0
2.80690 1.0
2.80831 1.0
2.80971 1.0
2.81111 1.0
2.81252 1.0
2.81393 1.0
2.81533 1.0
2.81674 1.0
2.81815 1.0
2.81956 1.0
2.82097 1.0
2.82238 1.0
2.82379 1.0
2.82520 1.0
2.82661 1.0
2.82803 1.0
2.82944 1.0
2.83086 1.0
2.83227 1.0
2.83369 1.0
2.83510 1.0
2.83652 1.0
2.83794 1.0
2.83936 1.0
2.84078 1.0
2.84220 1.0
2.84362 1.0
2.84504 1.0
2.84646 1.0
2.84789 1.0
2.84931 1.0
2.85074 1.0
2.85216 1.0
2.85359 1.0
2.85501 1.0
2.85644 1.0
2.85787 1.0
2.85930 1.0
2.86073 1.0
2.86216 1.0
2.86359 1.0
2.86502 1.0
2.86645 1.0
2.86789 1.0
2.86932 1.0
2.87076 1.0
2.87219 1.0
2.87363 1.0
2.87507 1.0
2.87650 1.0
2.87794 1.0
2.87938 1.0
2.88082 1.0
2.88226 1.0
2.88370 1.0
2.88514 1.0
2.88659 1.0
2.88803 1.0
2.88947 1.0
2.89092 1.0
2.89236 1.0
2.89381 1.0
2.89526 1.0
2.89670 1.0
2.89815 1.0
2.89960 1.0
2.90105 1.0
2.90250 1.0
2.90395 1.0
2.90540 1.0
2.90686 1.0
2.90831 1.0
2.90976 1.0
2.91122 1.0
2.91268 1.0
2.91413 1.0
2.91559 1.0
2.91705 1.0
2.91851 1.0
2.91996 1.0
2.92142 1.0
2.92289 1.0
2.92435 1.0
2.92581 1.0
2.92727 1.0
2.92874 1.0
2.93020 1.0
2.93166 1.0
2.93313 1.0
2.93460 1.0
2.93606 1.0
2.93753 1.0
2.93900 1.0
2.94047 1.0
2.94194 1.0
2.94341 1.0
2.94488 1.0
2.94636 1.0
2.94783 1.0
2.94930 1.0
2.95078 1.0
2.95225 1.0
2.95373 1.0
2.95521 1.0
2.95668 1.0
2.95816 1.0
2.95964 1.0
2.96112 1.0
2.96260 1.0
2.96408 1.0
2.96556 1.0
2.96705 1.0
2.96853 1.0
2.97002 1.0
2.97150 1.0
2.97299 1.0
2.97447 1.0
2.97596 1.0
2.97745 1.0
2.97894 1.0
2.98043 1.0
2.98192 1.0
2.98341 1.0
2.98490 1.0
2.98639 1.0
2.98788 1.0
2.98938 1.0
2.99087 1.0
2.99237 1.0
2.99386 1.0
2.99536 1.0
2.99686 1.0
2.99836 1.0
2.99986 1.0
3.00136 1.0
3.00286 1.0
3.00436 1.0
3.00586 1.0
3.00736 1.0
3.00887 1.0
3.01037 1.0
3.01188 1.0
3.01338 1.0
3.01489 1.0
3.01640 1.0
3.01791 1.0
3.01941 1.0
3.02092 1.0
3.02244 1.0
3.02395 1.0
3.02546 1.0
3.02697 1.0
3.02848 1.0
3.03000 1.0
3.03151 1.0
3.03303 1.0
3.03455 1.0
3.03606 1.0
3.03758 1.0
3.03910 1.0
3.04062 1.0
3.04214 1.0
3.04366 1.0
3.04518 1.0
3.04671 1.0
3.04823 1.0
3.04975 1.0
3.05128 1.0
3.05280 1.0
3.05433 1.0
3.05586 1.0
3.05738 1.0
3.05891 1.0
3.06044 1.0
3.06197 1.0
3.06350 1.0
3.06504 1.0
3.06657 1.0
3.06810 1.0
3.06964 1.0
3.07117 1.0
3.07271 1.0
3.07424 1.0
3.07578 1.0
3.07732 1.0
3.07886 1.0
3.08040 1.0
3.08194 1.0
3.08348 1.0
3.08502 1.0
3.08656 1.0
3.08810 1.0
3.08965 1.0
3.09119 1.0
3.09274 1.0
3.09429 1.0
3.09583 1.0
3.09738 1.0
3.09893 1.0
3.10048 1.0
3.10203 1.0
3.10358 1.0
3.10513 1.0
3.10668 1.0
3.10824 1.0
3.10979 1.0
3.11135 1.0
3.11290 1.0
3.11446 1.0
3.11602 1.0
3.11757 1.0
3.11913 1.0
3.12069 1.0
3.12225 1.0
3.12381 1.0
3.12538 1.0
3.12694 1.0
3.12850 1.0
3.13007 1.0
3.13163 1.0
3.13320 1.0
3.13476 1.0
3.13633 1.0
3.13790 1.0
3.13947 1.0
3.14104 1.0
3.14261 1.0
3.14418 1.0
3.14575 1.0
3.14732 1.0
3.14890 1.0
3.15047 1.0
3.15205 1.0
3.15362 1.0
3.15520 1.0
3.15678 1.0
3.15836 1.0
3.15994 1.0
3.16152 1.0
3.16310 1.0
3.16468 1.0
3.16626 1.0
3.16784 1.0
3.16943 1.0
3.17101 1.0
3.17260 1.0
3.17418 1.0
3.17577 1.0
3.17736 1.0
3.17895 1.0
3.18054 1.0
3.18213 1.0
3.18372 1.0
3.18531 1.0
3.18690 1.0
3.18850 1.0
3.19009 1.0
3.19169 1.0
3.19328 1.0
3.19488 1.0
3.19648 1.0
3.19807 1.0
3.19967 1.0
3.20127 1.0
3.20287 1.0
3.20447 1.0
3.20608 1.0
3.20768 1.0
3.20928 1.0
3.21089 1.0
3.21249 1.0
3.21410 1.0
3.21571 1.0
3.21732 1.0
3.21892 1.0
3.22053 1.0
3.22214 1.0
3.22375 1.0
3.22537 1.0
3.22698 1.0
3.22859 1.0
3.23021 1.0
3.23182 1.0
3.23344 1.0
3.23505 1.0
3.23667 1.0
3.23829 1.0
3.23991 1.0
3.24153 1.0
3.24315 1.0
3.24477 1.0
3.24639 1.0
3.24802 1.0
3.24964 1.0
3.25127 1.0
3.25289 1.0
3.25452 1.0
3.25615 1.0
3.25777 1.0
3.25940 1.0
3.26103 1.0
3.26266 1.0
3.26429 1.0
3.26593 1.0
3.26756 1.0
3.26919 1.0
3.27083 1.0
3.27246 1.0
3.27410 1.0
3.27574 1.0
3.27737 1.0
3.27901 1.0
3.28065 1.0
3.28229 1.0
3.28393 1.0
3.28558 1.0
3.28722 1.0
3.28886 1.0
3.29051 1.0
3.29215 1.0
3.29380 1.0
3.29544 1.0
3.29709 1.0
3.29874 1.0
3.30039 1.0
3.30204 1.0
3.30369 1.0
3.30534 1.0
3.30700 1.0
3.30865 1.0
3.31030 1.0
3.31196 1.0
3.31362 1.0
3.31527 1.0
3.31693 1.0
3.31859 1.0
3.32025 1.0
3.32191 1.0
3.32357 1.0
3.32523 1.0
3.32689 1.0
3.32856 1.0
3.33022 1.0
3.33189 1.0
3.33355 1.0
3.33522 1.0
3.33689 1.0
3.33855 1.0
3.34022 1.0
3.34189 1.0
3.34356 1.0
3.34524 1.0
3.34691 1.0
3.34858 1.0
3.35026 1.0
3.35193 1.0
3.35361 1.0
3.35528 1.0
3.35696 1.0
3.35864 1.0
3.36032 1.0
3.36200 1.0
3.36368 1.0
3.36536 1.0
3.36705 1.0
3.36873 1.0
3.37041 1.0
3.37210 1.0
3.37379 1.0
3.37547 1.0
3.37716 1.0
3.37885 1.0
3.38054 1.0
3.38223 1.0
3.38392 1.0
3.38561 1.0
3.38730 1.0
3.38900 1.0
3.39069 1.0
3.39239 1.0
3.39408 1.0
3.39578 1.0
3.39748 1.0
3.39918 1.0
3.40088 1.0
3.40258 1.0
3.40428 1.0
3.40598 1.0
3.40768 1.0
3.40939 1.0
3.41109 1.0
3.41280 1.0
3.41450 1.0
3.41621 1.0
3.41792 1.0
3.41963 1.0
3.42134 1.0
3.42305 1.0
3.42476 1.0
3.42647 1.0
3.42819 1.0
3.42990 1.0
3.43162 1.0
3.43333 1.0
3.43505 1.0
3.43677 1.0
3.43848 1.0
3.44020 1.0
3.44192 1.0
3.44364 1.0
3.44537 1.0
3.44709 1.0
3.44881 1.0
3.45054 1.0
3.45226 1.0
3.45399 1.0
3.45571 1.0
3.45744 1.0
3.45917 1.0
3.46090 1.0
3.46263 1.0
3.46436 1.0
3.46609 1.0
3.46783 1.0
3.46956 1.0
3.47130 1.0
3.47303 1.0
3.47477 1.0
3.47651 1.0
3.47824 1.0
3.47998 1.0
3.48172 1.0
3.48346 1.0
3.48521 1.0
3.48695 1.0
3.48869 1.0
3.49044 1.0
3.49218 1.0
3.49393 1.0
3.49567 1.0
3.49742 1.0
3.49917 1.0
3.50092 1.0
3.50267 1.0
3.50442 1.0
3.50618 1.0
3.50793 1.0
3.50968 1.0
3.51144 1.0
3.51319 1.0
3.51495 1.0
3.51671 1.0
3.51847 1.0
3.52022 1.0
3.52198 1.0
3.52375 1.0
3.52551 1.0
3.52727 1.0
3.52903 1.0
3.53080 1.0
3.53256 1.0
3.53433 1.0
3.53610 1.0
3.53787 1.0
3.53963 1.0
3.54140 1.0
3.54317 1.0
3.54495 1.0
3.54672 1.0
3.54849 1.0
3.55027 1.0
3.55204 1.0
3.55382 1.0
3.55559 1.0
3.55737 1.0
3.55915 1.0
3.56093 1.0
3.56271 1.0
3.56449 1.0
3.56627 1.0
3.56806 1.0
3.56984 1.0
3.57163 1.0
3.57341 1.0
3.57520 1.0
3.57699 1.0
3.57878 1.0
3.58056 1.0
3.58235 1.0
3.58415 1.0
3.58594 1.0
3.58773 1.0
3.58952 1.0
3.59132 1.0
3.59312 1.0
3.59491 1.0
3.59671 1.0
3.59851 1.0
3.60031 1.0
3.60211 1.0
3.60391 1.0
3.60571 1.0
3.60751 1.0
3.60932 1.0
3.61112 1.0
3.61293 1.0
3.61473 1.0
3.61654 1.0
3.61835 1.0
3.62016 1.0
3.62197 1.0
3.62378 1.0
3.62559 1.0
3.62740 1.0
3.62922 1.0
3.63103 1.0
3.63285 1.0
3.63466 1.0
3.63648 1.0
3.63830 1.0
3.64012 1.0
3.64194 1.0
3.64376 1.0
3.64558 1.0
3.64740 1.0
3.64923 1.0
3.65105 1.0
3.65288 1.0
3.65470 1.0
3.65653 1.0
3.65836 1.0
3.66019 1.0
3.66202 1.0
3.66385 1.0
3.66568 1.0
3.66752 1.0
3.66935 1.0
3.67118 1.0
3.67302 1.0
3.67486 1.0
3.67669 1.0
3.67853 1.0
3.68037 1.0
3.68221 1.0
3.68405 1.0
3.68589 1.0
3.68774 1.0
3.68958 1.0
3.69143 1.0
3.69327 1.0
3.69512 1.0
3.69697 1.0
3.69881 1.0
3.70066 1.0
3.70251 1.0
3.70437 1.0
3.70622 1.0
3.70807 1.0
3.70992 1.0
3.71178 1.0
3.71364 1.0
3.71549 1.0
3.71735 1.0
3.71921 1.0
3.72107 1.0
3.72293 1.0
3.72479 1.0
3.72665 1.0
3.72852 1.0
3.73038 1.0
3.73225 1.0
3.73411 1.0
3.73598 1.0
3.73785 1.0
3.73972 1.0
3.74159 1.0
3.74346 1.0
3.74533 1.0
3.74720 1.0
3.74907 1.0
3.75095 1.0
3.75282 1.0
3.75470 1.0
3.75658 1.0
3.75846 1.0
3.76034 1.0
3.76222 1.0
3.76410 1.0
3.76598 1.0
3.76786 1.0
3.76975 1.0
3.77163 1.0
3.77352 1.0
3.77540 1.0
3.77729 1.0
3.77918 1.0
3.78107 1.0
3.78296 1.0
3.78485 1.0
3.78674 1.0
3.78864 1.0
3.79053 1.0
3.79243 1.0
3.79432 1.0
3.79622 1.0
3.79812 1.0
3.80002 1.0
3.80192 1.0
3.80382 1.0
3.80572 1.0
3.80762 1.0
3.80953 1.0
3.81143 1.0
3.81334 1.0
3.81524 1.0
3.81715 1.0
3.81906 1.0
3.82097 1.0
3.82288 1.0
3.82479 1.0
3.82670 1.0
3.82862 1.0
3.83053 1.0
3.83245 1.0
3.83436 1.0
3.83628 1.0
3.83820 1.0
3.84012 1.0
3.84204 1.0
3.84396 1.0
3.84588 1.0
3.84780 1.0
3.84973 1.0
3.85165 1.0
3.85358 1.0
3.85550 1.0
3.85743 1.0
3.85936 1.0
3.86129 1.0
3.86322 1.0
3.86515 1.0
3.86709 1.0
3.86902 1.0
3.87095 1.0
3.87289 1.0
3.87483 1.0
3.87676 1.0
3.87870 1.0
3.88064 1.0
3.88258 1.0
3.88452 1.0
3.88646 1.0
3.88841 1.0
3.89035 1.0
3.89230 1.0
3.89424 1.0
3.89619 1.0
3.89814 1.0
3.90009 1.0
3.90204 1.0
3.90399 1.0
3.90594 1.0
3.90789 1.0
3.90985 1.0
3.91180 1.0
3.91376 1.0
3.91572 1.0
3.91767 1.0
3.91963 1.0
3.92159 1.0
3.92355 1.0
3.92551 1.0
3.92748 1.0
3.92944 1.0
3.93141 1.0
3.93337 1.0
3.93534 1.0
3.93731 1.0
3.93927 1.0
3.94124 1.0
3.94321 1.0
3.94519 1.0
3.94716 1.0
3.94913 1.0
3.95111 1.0
3.95308 1.0
3.95506 1.0
3.95704 1.0
3.95902 1.0
3.96099 1.0
3.96298 1.0
3.96496 1.0
3.96694 1.0
3.96892 1.0
3.97091 1.0
3.97289 1.0
3.97488 1.0
3.97687 1.0
3.97885 1.0
3.98084 1.0
3.98283 1.0
3.98483 1.0
3.98682 1.0
3.98881 1.0
3.99081 1.0
3.99280 1.0
3.99480 1.0
3.99680 1.0
3.99879 1.0
4.00079 1.0
4.00279 1.0
4.00480 1.0
4.00680 1.0
4.00880 1.0
4.01081 1.0
4.01281 1.0
4.01482 1.0
4.01682 1.0
4.01883 1.0
4.02084 1.0
4.02285 1.0
4.02486 1.0
4.02688 1.0
4.02889 1.0
4.03090 1.0
4.03292 1.0
4.03494 1.0
4.03695 1.0
4.03897 1.0
4.04099 1.0
4.04301 1.0
4.04503 1.0
4.04706 1.0
4.04908 1.0
4.05110 1.0
4.05313 1.0
4.05516 1.0
4.05718 1.0
4.05921 1.0
4.06124 1.0
4.06327 1.0
4.06530 1.0
4.06734 1.0
4.06937 1.0
4.07141 1.0
4.07344 1.0
4.07548 1.0
4.07752 1.0
4.07955 1.0
4.08159 1.0
4.08364 1.0
4.08568 1.0
4.08772 1.0
4.08976 1.0
4.09181 1.0
4.09385 1.0
4.09590 1.0
4.09795 1.0
4.10000 1.0
4.10205 1.0
4.10410 1.0
4.10615 1.0
4.10820 1.0
4.11026 1.0
4.11231 1.0
4.11437 1.0
4.11643 1.0
4.11849 1.0
4.12054 1.0
4.12260 1.0
4.12467 1.0
4.12673 1.0
4.12879 1.0
4.13086 1.0
4.13292 1.0
4.13499 1.0
4.13706 1.0
4.13912 1.0
4.14119 1.0
4.14326 1.0
4.14534 1.0
4.14741 1.0
4.14948 1.0
4.15156 1.0
4.15363 1.0
4.15571 1.0
4.15779 1.0
4.15987 1.0
4.16195 1.0
4.16403 1.0
4.16611 1.0
4.16819 1.0
4.17028 1.0
4.17236 1.0
4.17445 1.0
4.17654 1.0
4.17862 1.0
4.18071 1.0
4.18280 1.0
4.18489 1.0
4.18699 1.0
4.18908 1.0
4.19117 1.0
4.19327 1.0
4.19537 1.0
4.19746 1.0
4.19956 1.0
4.20166 1.0
4.20376 1.0
4.20587 1.0
4.20797 1.0
4.21007 1.0
4.21218 1.0
4.21428 1.0
4.21639 1.0
4.21850 1.0
4.22061 1.0
4.22272 1.0
4.22483 1.0
4.22694 1.0
4.22906 1.0
4.23117 1.0
4.23329 1.0
4.23540 1.0
4.23752 1.0
4.23964 1.0
4.24176 1.0
4.24388 1.0
4.24600 1.0
4.24813 1.0
4.25025 1.0
4.25237 1.0
4.25450 1.0
4.25663 1.0
4.25876 1.0
4.26089 1.0
4.26302 1.0
4.26515 1.0
4.26728 1.0
4.26941 1.0
4.27155 1.0
4.27368 1.0
4.27582 1.0
4.27796 1.0
4.28010 1.0
4.28224 1.0
4.28438 1.0
4.28652 1.0
4.28866 1.0
4.29081 1.0
4.29295 1.0
4.29510 1.0
4.29725 1.0
4.29940 1.0
4.30155 1.0
4.30370 1.0
4.30585 1.0
4.30800 1.0
4.31016 1.0
4.31231 1.0
4.31447 1.0
4.31662 1.0
4.31878 1.0
4.32094 1.0
4.32310 1.0
4.32526 1.0
4.32743 1.0
4.32959 1.0
4.33176 1.0
4.33392 1.0
4.33609 1.0
4.33826 1.0
4.34043 1.0
4.34260 1.0
4.34477 1.0
4.34694 1.0
4.34911 1.0
4.35129 1.0
4.35346 1.0
4.35564 1.0
4.35782 1.0
4.36000 1.0
4.36218 1.0
4.36436 1.0
4.36654 1.0
4.36872 1.0
4.37091 1.0
4.37309 1.0
4.37528 1.0
4.37747 1.0
4.37966 1.0
4.38185 1.0
4.38404 1.0
4.38623 1.0
4.38842 1.0
4.39062 1.0
4.39281 1.0
4.39501 1.0
4.39720 1.0
4.39940 1.0
4.40160 1.0
4.40380 1.0
4.40601 1.0
4.40821 1.0
4.41041 1.0
4.41262 1.0
4.41482 1.0
4.41703 1.0
4.41924 1.0
4.42145 1.0
4.42366 1.0
4.42587 1.0
4.42809 1.0
4.43030 1.0
4.43251 1.0
4.43473 1.0
4.43695 1.0
4.43917 1.0
4.44139 1.0
4.44361 1.0
4.44583 1.0
4.44805 1.0
4.45028 1.0
4.45250 1.0
4.45473 1.0
4.45695 1.0
4.45918 1.0
4.46141 1.0
4.46364 1.0
4.46588 1.0
4.46811 1.0
4.47034 1.0
4.47258 1.0
4.47481 1.0
4.47705 1.0
4.47929 1.0
4.48153 1.0
4.48377 1.0
4.48601 1.0
4.48825 1.0
4.49050 1.0
4.49274 1.0
4.49499 1.0
4.49724 1.0
4.49949 1.0
4.50174 1.0
4.50399 1.0
4.50624 1.0
4.50849 1.0
4.51075 1.0
4.51300 1.0
4.51526 1.0
4.51752 1.0
4.51978 1.0
4.52203 1.0
4.52430 1.0
4.52656 1.0
4.52882 1.0
4.53109 1.0
4.53335 1.0
4.53562 1.0
4.53789 1.0
4.54015 1.0
4.54242 1.0
4.54470 1.0
4.54697 1.0
4.54924 1.0
4.55152 1.0
4.55379 1.0
4.55607 1.0
4.55835 1.0
4.56063 1.0
4.56291 1.0
4.56519 1.0
4.56747 1.0
4.56975 1.0
4.57204 1.0
4.57433 1.0
4.57661 1.0
4.57890 1.0
4.58119 1.0
4.58348 1.0
4.58577 1.0
4.58807 1.0
4.59036 1.0
4.59265 1.0
4.59495 1.0
4.59725 1.0
4.59955 1.0
4.60185 1.0
4.60415 1.0
4.60645 1.0
4.60875 1.0
4.61106 1.0
4.61336 1.0
4.61567 1.0
4.61798 1.0
4.62029 1.0
4.62260 1.0
4.62491 1.0
4.62722 1.0
4.62953 1.0
4.63185 1.0
4.63416 1.0
4.63648 1.0
4.63880 1.0
4.64112 1.0
4.64344 1.0
4.64576 1.0
4.64808 1.0
4.65041 1.0
4.65273 1.0
4.65506 1.0
4.65739 1.0
4.65972 1.0
4.66205 1.0
4.66438 1.0
4.66671 1.0
4.66904 1.0
4.67138 1.0
4.67371 1.0
4.67605 1.0
4.67839 1.0
4.68073 1.0
4.68307 1.0
4.68541 1.0
4.68775 1.0
4.69010 1.0
4.69244 1.0
4.69479 1.0
4.69713 1.0
4.69948 1.0
4.70183 1.0
4.70418 1.0
4.70654 1.0
4.70889 1.0
4.71124 1.0
4.71360 1.0
4.71596 1.0
4.71831 1.0
4.72067 1.0
4.72303 1.0
4.72539 1.0
4.72776 1.0
4.73012 1.0
4.73249 1.0
4.73485 1.0
4.73722 1.0
4.73959 1.0
4.74196 1.0
4.74433 1.0
4.74670 1.0
4.74907 1.0
4.75145 1.0
4.75383 1.0
4.75620 1.0
4.75858 1.0
4.76096 1.0
4.76334 1.0
4.76572 1.0
4.76810 1.0
4.77049 1.0
4.77287 1.0
4.77526 1.0
4.77765 1.0
4.78004 1.0
4.78243 1.0
4.78482 1.0
4.78721 1.0
4.78960 1.0
4.79200 1.0
4.79439 1.0
4.79679 1.0
4.79919 1.0
4.80159 1.0
4.80399 1.0
4.80639 1.0
4.80880 1.0
4.81120 1.0
4.81361 1.0
4.81601 1.0
4.81842 1.0
4.82083 1.0
4.82324 1.0
4.82565 1.0
4.82806 1.0
4.83048 1.0
4.83289 1.0
4.83531 1.0
4.83773 1.0
4.84015 1.0
4.84257 1.0
4.84499 1.0
4.84741 1.0
4.84983 1.0
4.85226 1.0
4.85469 1.0
4.85711 1.0
4.85954 1.0
4.86197 1.0
4.86440 1.0
4.86683 1.0
4.86927 1.0
4.87170 1.0
4.87414 1.0
4.87658 1.0
4.87901 1.0
4.88145 1.0
4.88389 1.0
4.88634 1.0
4.88878 1.0
4.89122 1.0
4.89367 1.0
4.89612 1.0
4.89856 1.0
4.90101 1.0
4.90346 1.0
4.90592 1.0
4.90837 1.0
4.91082 1.0
4.91328 1.0
4.91573 1.0
4.91819 1.0
4.92065 1.0
4.92311 1.0
4.92557 1.0
4.92804 1.0
4.93050 1.0
4.93297 1.0
4.93543 1.0
4.93790 1.0
4.94037 1.0
4.94284 1.0
4.94531 1.0
4.94778 1.0
4.95026 1.0
4.95273 1.0
4.95521 1.0
4.95769 1.0
4.96016 1.0
4.96264 1.0
4.96513 1.0
4.96761 1.0
4.97009 1.0
4.97258 1.0
4.97506 1.0
4.97755 1.0
4.98004 1.0
4.98253 1.0
4.98502 1.0
4.98751 1.0
4.99001 1.0
4.99250 1.0
4.99500 1.0
4.99750 1.0
5.00000 1.0
